{"Orientation":[[0.0,0.0,-1.0,0.0],[0.0,1.0,0.0,0.0],[1.0,0.0,0.0,-0.6000000238418579],[0.0,0.0,0.0,1.0]],"object_id":"mesh"}{"0":{"bb":{"h":-233,"w":-257,"x":564,"y":558}},"object_id":"mesh"}{"Orientation":[[0.0,0.1736481785774231,-0.9848077297210693,0.0],[0.0,0.9848077297210693,0.1736481785774231,0.0],[1.0,0.0,0.0,-0.6000000238418579],[0.0,0.0,0.0,1.0]],"object_id":"mesh"}{"10":{"bb":{"h":-274,"w":-294,"x":573,"y":568}},"object_id":"mesh"}{"Orientation":[[0.0,0.4999999701976776,-0.8660253286361694,0.0],[0.0,0.8660253286361694,0.4999999701976776,0.0],[1.0,0.0,0.0,-0.6000000238418579],[0.0,0.0,0.0,1.0]],"object_id":"mesh"}{"20":{"bb":{"h":-331,"w":-340,"x":585,"y":582}},"object_id":"mesh"}{"Orientation":[[0.0,0.8660253286361694,-0.4999999403953552,0.0],[0.0,0.4999999403953552,0.8660253286361694,0.0],[1.0,0.0,0.0,-0.6000000238418579],[0.0,0.0,0.0,1.0]],"object_id":"mesh"}{"30":{"bb":{"h":-340,"w":-331,"x":582,"y":585}},"object_id":"mesh"}{"Orientation":[[0.0,0.9848076105117798,0.1736481487751007,0.0],[0.0,-0.1736481487751007,0.9848076105117798,0.0],[1.0,0.0,0.0,-0.6000000238418579],[0.0,0.0,0.0,1.0]],"object_id":"mesh"}{"40":{"bb":{"h":-294,"w":-274,"x":568,"y":573}},"object_id":"mesh"}{"Orientation":[[0.0,0.4999999403953552,0.8660252690315247,0.0],[0.0,-0.8660252690315247,0.4999999403953552,0.0],[1.0,0.0,0.0,-0.6000000238418579],[0.0,0.0,0.0,1.0]],"object_id":"mesh"}{"50":{"bb":{"h":-331,"w":-340,"x":585,"y":582}},"object_id":"mesh"}{"Orientation":[[0.0,-0.5,0.8660252690315247,0.0],[0.0,-0.8660252690315247,-0.5,0.0],[1.0,0.0,0.0,-0.6000000238418579],[0.0,0.0,0.0,1.0]],"object_id":"mesh"}{"60":{"bb":{"h":-331,"w":-340,"x":585,"y":582}},"object_id":"mesh"}{"Orientation":[[0.0,-0.9848076105117798,-0.17364820837974548,0.0],[0.0,0.17364820837974548,-0.9848076105117798,0.0],[1.0,0.0,0.0,-0.6000000238418579],[0.0,0.0,0.0,1.0]],"object_id":"mesh"}{"70":{"bb":{"h":-294,"w":-274,"x":568,"y":573}},"object_id":"mesh"}{"Orientation":[[0.0,0.0,-0.9999998211860657,0.0],[0.0,0.9999998211860657,0.0,0.0],[1.0,0.0,0.0,-0.6000000238418579],[0.0,0.0,0.0,1.0]],"object_id":"mesh"}{"80":{"bb":{"h":-233,"w":-257,"x":564,"y":558}},"object_id":"mesh"}{"Orientation":[[0.0,0.9999998211860657,4.371138118131057e-08,0.0],[0.0,-4.371138118131057e-08,0.9999998211860657,0.0],[0.9999999403953552,0.0,0.0,-0.6000000238418579],[0.0,0.0,0.0,1.0]],"object_id":"mesh"}{"90":{"bb":{"h":-257,"w":-233,"x":558,"y":564}},"object_id":"mesh"}{"Orientation":[[0.0,-0.17364820837974548,0.984807550907135,0.0],[0.0,-0.984807550907135,-0.17364820837974548,0.0],[0.9999999403953552,0.0,0.0,-0.6000000238418579],[0.0,0.0,0.0,1.0]],"object_id":"mesh"}{"100":{"bb":{"h":-274,"w":-294,"x":573,"y":568}},"object_id":"mesh"}{"Orientation":[[0.0,-0.8660252094268799,-0.4999999403953552,0.0],[0.0,0.4999999403953552,-0.8660252094268799,0.0],[0.9999999403953552,0.0,0.0,-0.6000000238418579],[0.0,0.0,0.0,1.0]],"object_id":"mesh"}{"110":{"bb":{"h":-340,"w":-331,"x":582,"y":585}},"object_id":"mesh"}{"Orientation":[[0.0,0.8660253286361694,-0.4999998211860657,0.0],[0.0,0.4999998211860657,0.8660253286361694,0.0],[0.9999998807907104,0.0,0.0,-0.6000000238418579],[0.0,0.0,0.0,1.0]],"object_id":"mesh"}{"120":{"bb":{"h":-340,"w":-331,"x":582,"y":585}},"object_id":"mesh"}{"Orientation":[[0.0,-0.17364829778671265,0.9848076105117798,0.0],[0.0,-0.9848076105117798,-0.17364829778671265,0.0],[0.9999998807907104,0.0,0.0,-0.6000000238418579],[0.0,0.0,0.0,1.0]],"object_id":"mesh"}{"130":{"bb":{"h":-274,"w":-294,"x":573,"y":568}},"object_id":"mesh"}{"Orientation":[[0.0,-0.4999998211860657,-0.8660253882408142,0.0],[0.0,0.8660253882408142,-0.4999998211860657,0.0],[0.9999998211860657,0.0,0.0,-0.6000000238418579],[0.0,0.0,0.0,1.0]],"object_id":"mesh"}{"140":{"bb":{"h":-331,"w":-340,"x":585,"y":582}},"object_id":"mesh"}{"Orientation":[[0.0,0.8660253286361694,0.5000000596046448,0.0],[0.0,-0.5000000596046448,0.8660253286361694,0.0],[0.9999998211860657,0.0,0.0,-0.6000000238418579],[0.0,0.0,0.0,1.0]],"object_id":"mesh"}{"150":{"bb":{"h":-340,"w":-331,"x":582,"y":585}},"object_id":"mesh"}{"Orientation":[[0.0,-0.9848077297210693,-0.17364820837974548,0.0],[0.0,0.17364820837974548,-0.9848077297210693,0.0],[0.9999998211860657,0.0,0.0,-0.6000000238418579],[0.0,0.0,0.0,1.0]],"object_id":"mesh"}{"160":{"bb":{"h":-294,"w":-274,"x":568,"y":573}},"object_id":"mesh"}{"Orientation":[[0.0,0.9999999403953552,-8.940696716308594e-08,0.0],[0.0,8.940696716308594e-08,0.9999999403953552,0.0],[0.9999998211860657,0.0,0.0,-0.6000000238418579],[0.0,0.0,0.0,1.0]],"object_id":"mesh"}{"170":{"bb":{"h":-257,"w":-233,"x":558,"y":564}},"object_id":"mesh"}{"Orientation":[[0.0,-0.9999999403953552,1.9841976950374374e-09,0.0],[0.0,-1.9841976950374374e-09,-0.9999999403953552,0.0],[0.9999998211860657,0.0,0.0,-0.6000000238418579],[0.0,0.0,0.0,1.0]],"object_id":"mesh"}{"180":{"bb":{"h":-257,"w":-233,"x":558,"y":564}},"object_id":"mesh"}{"Orientation":[[0.0,0.9848076701164246,0.17364820837974548,0.0],[0.0,-0.17364820837974548,0.9848076701164246,0.0],[0.9999998211860657,0.0,0.0,-0.6000000238418579],[0.0,0.0,0.0,1.0]],"object_id":"mesh"}{"190":{"bb":{"h":-294,"w":-274,"x":568,"y":573}},"object_id":"mesh"}{"Orientation":[[0.0,-0.8660252690315247,-0.5,0.0],[0.0,0.5,-0.8660252690315247,0.0],[0.9999998211860657,0.0,0.0,-0.6000000238418579],[0.0,0.0,0.0,1.0]],"object_id":"mesh"}{"200":{"bb":{"h":-340,"w":-331,"x":582,"y":585}},"object_id":"mesh"}{"Orientation":[[0.0,0.49999988079071045,0.8660253286361694,0.0],[0.0,-0.8660253286361694,0.49999988079071045,0.0],[0.9999998211860657,0.0,0.0,-0.6000000238418579],[0.0,0.0,0.0,1.0]],"object_id":"mesh"}{"210":{"bb":{"h":-331,"w":-340,"x":585,"y":582}},"object_id":"mesh"}{"Orientation":[[0.0,0.1736481487751007,-0.9848076105117798,0.0],[0.0,0.9848076105117798,0.1736481487751007,0.0],[0.9999998211860657,0.0,0.0,-0.6000000238418579],[0.0,0.0,0.0,1.0]],"object_id":"mesh"}{"220":{"bb":{"h":-274,"w":-294,"x":573,"y":568}},"object_id":"mesh"}{"Orientation":[[0.0,-0.8660253882408142,0.4999997913837433,0.0],[0.0,-0.4999997913837433,-0.8660253882408142,0.0],[0.9999997615814209,0.0,0.0,-0.6000000238418579],[0.0,0.0,0.0,1.0]],"object_id":"mesh"}{"230":{"bb":{"h":-340,"w":-331,"x":582,"y":585}},"object_id":"mesh"}{"Orientation":[[0.0,0.8660251498222351,0.5000001192092896,0.0],[0.0,-0.5000001192092896,0.8660251498222351,0.0],[0.9999997615814209,0.0,0.0,-0.6000000238418579],[0.0,0.0,0.0,1.0]],"object_id":"mesh"}{"240":{"bb":{"h":-340,"w":-331,"x":582,"y":585}},"object_id":"mesh"}{"Orientation":[[0.0,0.17364847660064697,-0.984807550907135,0.0],[0.0,0.984807550907135,0.17364847660064697,0.0],[0.9999997615814209,0.0,0.0,-0.6000000238418579],[0.0,0.0,0.0,1.0]],"object_id":"mesh"}{"250":{"bb":{"h":-274,"w":-294,"x":573,"y":568}},"object_id":"mesh"}{"Orientation":[[0.0,-0.9999998807907104,-3.8743019104003906e-07,0.0],[0.0,3.8743019104003906e-07,-0.9999998807907104,0.0],[0.9999997615814209,0.0,0.0,-0.6000000238418579],[0.0,0.0,0.0,1.0]],"object_id":"mesh"}{"260":{"bb":{"h":-257,"w":-233,"x":558,"y":564}},"object_id":"mesh"}{"Orientation":[[0.0,-3.9935505924404424e-07,0.9999998807907104,0.0],[0.0,-0.9999998807907104,-3.9935505924404424e-07,0.0],[0.9999997615814209,0.0,0.0,-0.6000000238418579],[0.0,0.0,0.0,1.0]],"object_id":"mesh"}{"270":{"bb":{"h":-233,"w":-257,"x":564,"y":558}},"object_id":"mesh"}{"Orientation":[[0.0,0.984807550907135,0.17364852130413055,0.0],[0.0,-0.17364852130413055,0.984807550907135,0.0],[0.9999997615814209,0.0,0.0,-0.6000000238418579],[0.0,0.0,0.0,1.0]],"object_id":"mesh"}{"280":{"bb":{"h":-294,"w":-274,"x":568,"y":573}},"object_id":"mesh"}{"Orientation":[[0.0,0.5000002384185791,-0.8660251498222351,0.0],[0.0,0.8660251498222351,0.5000002384185791,0.0],[0.9999997615814209,0.0,0.0,-0.6000000238418579],[0.0,0.0,0.0,1.0]],"object_id":"mesh"}{"290":{"bb":{"h":-331,"w":-340,"x":585,"y":582}},"object_id":"mesh"}{"Orientation":[[0.0,-0.4999997615814209,-0.866025447845459,0.0],[0.0,0.866025447845459,-0.4999997615814209,0.0],[0.9999997615814209,0.0,0.0,-0.6000000238418579],[0.0,0.0,0.0,1.0]],"object_id":"mesh"}{"300":{"bb":{"h":-331,"w":-340,"x":585,"y":582}},"object_id":"mesh"}{"Orientation":[[0.0,-0.9848076105117798,-0.17364829778671265,0.0],[0.0,0.17364829778671265,-0.9848076105117798,0.0],[0.9999997615814209,0.0,0.0,-0.6000000238418579],[0.0,0.0,0.0,1.0]],"object_id":"mesh"}{"310":{"bb":{"h":-294,"w":-274,"x":568,"y":573}},"object_id":"mesh"}{"Orientation":[[0.0,-0.8660252690315247,0.4999999403953552,0.0],[0.0,-0.4999999403953552,-0.8660252690315247,0.0],[0.9999997615814209,0.0,0.0,-0.6000000238418579],[0.0,0.0,0.0,1.0]],"object_id":"mesh"}{"320":{"bb":{"h":-340,"w":-331,"x":582,"y":585}},"object_id":"mesh"}{"Orientation":[[0.0,-0.4999997615814209,0.8660253882408142,0.0],[0.0,-0.8660253882408142,-0.4999997615814209,0.0],[0.9999997615814209,0.0,0.0,-0.6000000238418579],[0.0,0.0,0.0,1.0]],"object_id":"mesh"}{"330":{"bb":{"h":-331,"w":-340,"x":585,"y":582}},"object_id":"mesh"}{"Orientation":[[0.0,-0.17364773154258728,0.9848077297210693,0.0],[0.0,-0.9848077297210693,-0.17364773154258728,0.0],[0.9999997615814209,0.0,0.0,-0.6000000238418579],[0.0,0.0,0.0,1.0]],"object_id":"mesh"}{"340":{"bb":{"h":-274,"w":-294,"x":573,"y":568}},"object_id":"mesh"}{"Orientation":[[0.0,7.003545761108398e-07,0.9999998807907104,0.0],[0.0,-0.9999998807907104,7.003545761108398e-07,0.0],[0.9999997615814209,0.0,0.0,-0.6000000238418579],[0.0,0.0,0.0,1.0]],"object_id":"mesh"}{"350":{"bb":{"h":-233,"w":-257,"x":564,"y":558}},"object_id":"mesh"}{"Orientation":[[0.0,5.255090513855976e-07,0.9999998807907104,0.0],[0.0,-0.9999998807907104,5.255090513855976e-07,0.0],[0.9999997615814209,0.0,0.0,-0.6000000238418579],[0.0,0.0,0.0,1.0]],"object_id":"mesh"}{"360":{"bb":{"h":-233,"w":-257,"x":564,"y":558}},"object_id":"mesh"}{"Orientation":[[0.08715574443340302,0.0,-0.9961947798728943,0.0],[0.0,1.0000001192092896,0.0,0.0],[0.9961947798728943,0.0,0.08715574443340302,-0.6000000834465027],[0.0,0.0,0.0,1.0]],"object_id":"mesh"}{"50":{"bb":{"h":-234,"w":-271,"x":572,"y":558}},"object_id":"mesh"}{"Orientation":[[0.0858316496014595,0.17364820837974548,-0.9810603260993958,0.0],[-0.015134437941014767,0.9848078489303589,0.1729874312877655,0.0],[0.9961947798728943,-9.313225746154785e-10,0.08715574443340302,-0.6000000834465027],[0.0,0.0,0.0,1.0]],"object_id":"mesh"}{"60":{"bb":{"h":-274,"w":-304,"x":581,"y":567}},"object_id":"mesh"}{"Orientation":[[0.07547907531261444,0.5000000596046448,-0.8627299666404724,0.0],[-0.043577875941991806,0.866025447845459,0.49809741973876953,0.0],[0.9961947202682495,0.0,0.08715575188398361,-0.6000000834465027],[0.0,0.0,0.0,1.0]],"object_id":"mesh"}{"70":{"bb":{"h":-330,"w":-343,"x":592,"y":578}},"object_id":"mesh"}{"Orientation":[[0.04357784986495972,0.8660255074501038,-0.49809733033180237,0.0],[-0.07547909021377563,0.4999999701976776,0.8627300262451172,0.0],[0.9961947202682495,-7.450580596923828e-09,0.08715575188398361,-0.6000000834465027],[0.0,0.0,0.0,1.0]],"object_id":"mesh"}{"80":{"bb":{"h":-343,"w":-330,"x":586,"y":579}},"object_id":"mesh"}{"Orientation":[[-0.015134458430111408,0.9848078489303589,0.17298749089241028,0.0],[-0.0858316570520401,-0.17364829778671265,0.9810603857040405,0.0],[0.9961947202682495,-1.862645149230957e-08,0.08715575188398361,-0.6000000834465027],[0.0,0.0,0.0,1.0]],"object_id":"mesh"}{"90":{"bb":{"h":-304,"w":-274,"x":567,"y":570}},"object_id":"mesh"}{"Orientation":[[-0.07547911256551743,0.5,0.8627301454544067,0.0],[-0.04357786476612091,-0.8660256862640381,0.49809736013412476,0.0],[0.9961947798728943,-2.2351741790771484e-08,0.08715574443340302,-0.6000000834465027],[0.0,0.0,0.0,1.0]],"object_id":"mesh"}{"100":{"bb":{"h":-330,"w":-343,"x":579,"y":578}},"object_id":"mesh"}{"Orientation":[[-0.07547910511493683,-0.5000003576278687,0.8627300262451172,0.0],[0.04357790946960449,-0.8660255670547485,-0.498097687959671,0.0],[0.9961947798728943,-7.450580596923828e-09,0.08715572953224182,-0.6000000834465027],[0.0,0.0,0.0,1.0]],"object_id":"mesh"}{"110":{"bb":{"h":-330,"w":-343,"x":579,"y":586}},"object_id":"mesh"}{"Orientation":[[0.015134453773498535,-0.9848080277442932,-0.17298772931098938,0.0],[0.08583168685436249,0.17364847660064697,-0.9810605645179749,0.0],[0.9961948990821838,2.2351741790771484e-08,0.08715574443340302,-0.6000000834465027],[0.0,0.0,0.0,1.0]],"object_id":"mesh"}{"120":{"bb":{"h":-304,"w":-274,"x":569,"y":581}},"object_id":"mesh"}{"Orientation":[[0.0871557667851448,2.384185791015625e-07,-0.9961950778961182,0.0],[0.0,1.0000004768371582,2.086162567138672e-07,0.0],[0.9961950778961182,1.4901161193847656e-08,0.0871557891368866,-0.6000000834465027],[0.0,0.0,0.0,1.0]],"object_id":"mesh"}{"130":{"bb":{"h":-234,"w":-271,"x":572,"y":558}},"object_id":"mesh"}{"Orientation":[[-2.9802322387695313e-08,1.0000004768371582,2.8079375624656677e-07,0.0],[-0.0871557742357254,-2.515338337616413e-07,0.9961952567100525,0.0],[0.9961951971054077,-1.4901161193847656e-08,0.0871557965874672,-0.6000000834465027],[0.0,0.0,0.0,1.0]],"object_id":"mesh"}{"140":{"bb":{"h":-271,"w":-234,"x":558,"y":562}},"object_id":"mesh"}{"Orientation":[[-0.08583168685436249,-0.17364855110645294,0.9810607433319092,0.0],[0.015134476125240326,-0.9848083257675171,-0.17298775911331177,0.0],[0.9961954951286316,-1.4901161193847656e-08,0.087155781686306,-0.6000000834465027],[0.0,0.0,0.0,1.0]],"object_id":"mesh"}{"150":{"bb":{"h":-274,"w":-304,"x":570,"y":569}},"object_id":"mesh"}{"Orientation":[[0.043577924370765686,-0.8660258054733276,-0.49809783697128296,0.0],[0.07547913491725922,0.500000536441803,-0.8627303838729858,0.0],[0.9961957335472107,2.9802322387695313e-08,0.08715581893920898,-0.6000000834465027],[0.0,0.0,0.0,1.0]],"object_id":"mesh"}{"160":{"bb":{"h":-343,"w":-330,"x":586,"y":592}},"object_id":"mesh"}{"Orientation":[[0.0435778945684433,0.8660261034965515,-0.4980974793434143,0.0],[-0.07547914981842041,0.5000001192092896,0.8627307415008545,0.0],[0.9961957931518555,-7.450580596923828e-09,0.08715586364269257,-0.6000000834465027],[0.0,0.0,0.0,1.0]],"object_id":"mesh"}{"170":{"bb":{"h":-343,"w":-330,"x":586,"y":579}},"object_id":"mesh"}{"Orientation":[[-0.08583168685436249,-0.17364850640296936,0.9810609817504883,0.0],[0.015134476125240326,-0.9848085641860962,-0.17298778891563416,0.0],[0.9961960315704346,-1.4901161193847656e-08,0.08715583384037018,-0.6000000834465027],[0.0,0.0,0.0,1.0]],"object_id":"mesh"}{"180":{"bb":{"h":-274,"w":-304,"x":570,"y":569}},"object_id":"mesh"}{"Orientation":[[0.0754791870713234,-0.5000002980232239,-0.8627306818962097,0.0],[0.043577902019023895,0.8660262823104858,-0.49809765815734863,0.0],[0.9961962103843689,2.2351741790771484e-08,0.08715588599443436,-0.6000000834465027],[0.0,0.0,0.0,1.0]],"object_id":"mesh"}{"190":{"bb":{"h":-330,"w":-343,"x":592,"y":586}},"object_id":"mesh"}{"Orientation":[[-0.04357786476612091,0.8660261631011963,0.4980977773666382,0.0],[-0.07547914236783981,-0.5000005960464478,0.8627307415008545,0.0],[0.9961966276168823,-2.60770320892334e-08,0.08715590834617615,-0.6000000834465027],[0.0,0.0,0.0,1.0]],"object_id":"mesh"}{"200":{"bb":{"h":-343,"w":-330,"x":578,"y":579}},"object_id":"mesh"}{"Orientation":[[0.015134476125240326,-0.984808623790741,-0.1729874610900879,0.0],[0.08583174645900726,0.1736483871936798,-0.9810612797737122,0.0],[0.996196985244751,2.2351741790771484e-08,0.08715592324733734,-0.6000000834465027],[0.0,0.0,0.0,1.0]],"object_id":"mesh"}{"210":{"bb":{"h":-304,"w":-274,"x":569,"y":581}},"object_id":"mesh"}{"Orientation":[[5.4016709327697754e-08,1.0000008344650269,-2.086162567138672e-07,0.0],[-0.08715581893920898,8.940696716308594e-08,0.9961957335472107,0.0],[0.9961972832679749,-1.955777406692505e-08,0.08715599030256271,-0.6000000834465027],[0.0,0.0,0.0,1.0]],"object_id":"mesh"}{"220":{"bb":{"h":-271,"w":-234,"x":558,"y":562}},"object_id":"mesh"}{"Orientation":[[2.4589660085894138e-08,-1.0000008344650269,1.2773661239862122e-07,0.0],[0.08715584129095078,-1.9840911136270734e-09,-0.9961957335472107,0.0],[0.9961975812911987,1.9557775843281888e-08,0.08715596795082092,-0.6000000834465027],[0.0,0.0,0.0,1.0]],"object_id":"mesh"}{"230":{"bb":{"h":-271,"w":-234,"x":558,"y":572}},"object_id":"mesh"}{"Orientation":[[-0.01513440627604723,0.9848085641860962,0.17298747599124908,0.0],[-0.08583171665668488,-0.173648402094841,0.9810612201690674,0.0],[0.9961979389190674,-2.3283064365386963e-08,0.08715604990720749,-0.6000000834465027],[0.0,0.0,0.0,1.0]],"object_id":"mesh"}{"240":{"bb":{"h":-304,"w":-274,"x":567,"y":570}},"object_id":"mesh"}{"Orientation":[[0.04357793554663658,-0.8660261631011963,-0.4980977177619934,0.0],[0.07547915726900101,0.5000005960464478,-0.8627307415008545,0.0],[0.996198296546936,3.3527612686157227e-08,0.0871560275554657,-0.6000000834465027],[0.0,0.0,0.0,1.0]],"object_id":"mesh"}{"250":{"bb":{"h":-343,"w":-330,"x":586,"y":592}},"object_id":"mesh"}{"Orientation":[[-0.07547910511493683,0.5000004768371582,0.8627306222915649,0.0],[-0.0435778871178627,-0.8660263419151306,0.4980977177619934,0.0],[0.9961987137794495,-4.0978193283081055e-08,0.08715608716011047,-0.6000000834465027],[0.0,0.0,0.0,1.0]],"object_id":"mesh"}{"260":{"bb":{"h":-330,"w":-343,"x":579,"y":578}},"object_id":"mesh"}{"Orientation":[[0.08583176136016846,0.17364823818206787,-0.9810611605644226,0.0],[-0.015134453773498535,0.9848088026046753,0.172987699508667,0.0],[0.9961989521980286,2.9802322387695313e-08,0.08715613931417465,-0.6000000834465027],[0.0,0.0,0.0,1.0]],"object_id":"mesh"}{"270":{"bb":{"h":-274,"w":-304,"x":581,"y":567}},"object_id":"mesh"}{"Orientation":[[-0.04357786476612091,-0.8660262823104858,0.4980977475643158,0.0],[0.07547919452190399,-0.5000002384185791,-0.8627310991287231,0.0],[0.9961991310119629,0.0,0.08715605735778809,-0.6000000834465027],[0.0,0.0,0.0,1.0]],"object_id":"mesh"}{"280":{"bb":{"h":-343,"w":-330,"x":578,"y":592}},"object_id":"mesh"}{"Orientation":[[-0.0435778871178627,0.8660261631011963,0.4980980455875397,0.0],[-0.07547914981842041,-0.500001072883606,0.8627307415008545,0.0],[0.9961993098258972,-5.960464477539063e-08,0.08715616911649704,-0.6000000834465027],[0.0,0.0,0.0,1.0]],"object_id":"mesh"}{"290":{"bb":{"h":-343,"w":-330,"x":578,"y":579}},"object_id":"mesh"}{"Orientation":[[0.08583177626132965,0.1736486852169037,-0.9810612201690674,0.0],[-0.01513451337814331,0.9848089218139648,0.17298823595046997,0.0],[0.9961994886398315,5.21540641784668e-08,0.08715620636940002,-0.6000000834465027],[0.0,0.0,0.0,1.0]],"object_id":"mesh"}{"300":{"bb":{"h":-274,"w":-304,"x":581,"y":567}},"object_id":"mesh"}{"Orientation":[[8.195638656616211e-08,-1.0000011920928955,-3.8743019104003906e-07,0.0],[0.08715585619211197,7.003545761108398e-07,-0.9961960911750793,0.0],[0.9961996674537659,3.725290298461914e-08,0.08715611696243286,-0.6000000834465027],[0.0,0.0,0.0,1.0]],"object_id":"mesh"}{"310":{"bb":{"h":-271,"w":-234,"x":558,"y":572}},"object_id":"mesh"}{"Orientation":[[-0.08715580403804779,-4.0502379761164775e-07,0.9961959719657898,0.0],[5.960464477539063e-08,-1.0000014305114746,-7.101334631443024e-07,0.0],[0.9961997866630554,-5.21540641784668e-08,0.08715614676475525,-0.6000000834465027],[0.0,0.0,0.0,1.0]],"object_id":"mesh"}{"320":{"bb":{"h":-234,"w":-271,"x":562,"y":558}},"object_id":"mesh"}{"Orientation":[[-0.015134446322917938,0.9848090410232544,0.17298798263072968,0.0],[-0.08583176136016846,-0.17364910244941711,0.9810616374015808,0.0],[0.9962000250816345,-3.725290298461914e-08,0.08715624362230301,-0.6000000834465027],[0.0,0.0,0.0,1.0]],"object_id":"mesh"}{"330":{"bb":{"h":-304,"w":-274,"x":567,"y":570}},"object_id":"mesh"}{"Orientation":[[0.07547921687364578,0.5000009536743164,-0.8627309799194336,0.0],[-0.04357798397541046,0.8660264611244202,0.4980986714363098,0.0],[0.9962002038955688,2.2351741790771484e-08,0.0871562585234642,-0.6000000834465027],[0.0,0.0,0.0,1.0]],"object_id":"mesh"}{"340":{"bb":{"h":-330,"w":-343,"x":592,"y":578}},"object_id":"mesh"}{"Orientation":[[0.07547923177480698,-0.5000005960464478,-0.8627312183380127,0.0],[0.0435778982937336,0.8660270571708679,-0.4980977177619934,0.0],[0.9962003231048584,4.470348358154297e-08,0.08715622872114182,-0.6000000834465027],[0.0,0.0,0.0,1.0]],"object_id":"mesh"}{"350":{"bb":{"h":-330,"w":-343,"x":592,"y":586}},"object_id":"mesh"}{"Orientation":[[0.01513449102640152,-0.9848092198371887,-0.17298763990402222,0.0],[0.08583178371191025,0.17364883422851563,-0.9810618162155151,0.0],[0.9962003827095032,2.2351741790771484e-08,0.08715620636940002,-0.6000000834465027],[0.0,0.0,0.0,1.0]],"object_id":"mesh"}{"360":{"bb":{"h":-304,"w":-274,"x":569,"y":581}},"object_id":"mesh"}{"Orientation":[[-0.04357791692018509,-0.8660266399383545,0.49809831380844116,0.0],[0.07547921687364578,-0.5000007152557373,-0.8627314567565918,0.0],[0.9962003827095032,0.0,0.08715619891881943,-0.6000000834465027],[0.0,0.0,0.0,1.0]],"object_id":"mesh"}{"370":{"bb":{"h":-343,"w":-330,"x":578,"y":592}},"object_id":"mesh"}{"Orientation":[[-0.0754791870713234,-0.5000004768371582,0.8627315163612366,0.0],[0.04357793182134628,-0.8660269975662231,-0.4980981647968292,0.0],[0.9962003827095032,-1.862645149230957e-08,0.08715620636940002,-0.6000000834465027],[0.0,0.0,0.0,1.0]],"object_id":"mesh"}{"380":{"bb":{"h":-330,"w":-343,"x":579,"y":586}},"object_id":"mesh"}{"Orientation":[[-0.08583176136016846,-0.17364785075187683,0.9810619950294495,0.0],[0.015134423971176147,-0.9848096370697021,-0.17298740148544312,0.0],[0.9962003231048584,-2.60770320892334e-08,0.08715621381998062,-0.6000000834465027],[0.0,0.0,0.0,1.0]],"object_id":"mesh"}{"390":{"bb":{"h":-274,"w":-304,"x":570,"y":569}},"object_id":"mesh"}{"Orientation":[[-0.08715584874153137,9.08970832824707e-07,0.9961963295936584,0.0],[-6.362097337841988e-08,-1.0000019073486328,5.960464477539063e-07,0.0],[0.9962003231048584,-2.8870999813079834e-08,0.08715622127056122,-0.6000000834465027],[0.0,0.0,0.0,1.0]],"object_id":"mesh"}{"400":{"bb":{"h":-234,"w":-271,"x":562,"y":558}},"object_id":"mesh"}{"Orientation":[[-0.08715584874153137,7.341249670389516e-07,0.9961963295936584,0.0],[-4.8382148065684305e-08,-1.0000019073486328,4.218658773424977e-07,0.0],[0.9962003231048584,-2.8870998036722995e-08,0.08715622127056122,-0.6000000834465027],[0.0,0.0,0.0,1.0]],"object_id":"mesh"}{"410":{"bb":{"h":-234,"w":-271,"x":562,"y":558}},"object_id":"mesh"}{"Orientation":[[0.1736481785774231,0.0,-0.9848077893257141,0.0],[0.0,1.0,0.0,0.0],[0.9848077893257141,0.0,0.1736481785774231,-0.6000000834465027],[0.0,0.0,0.0,1.0]],"object_id":"mesh"}{"100":{"bb":{"h":-235,"w":-301,"x":580,"y":558}},"object_id":"mesh"}{"Orientation":[[0.1710100620985031,0.1736481934785843,-0.9698463082313538,0.0],[-0.03015368990600109,0.9848077297210693,0.1710100769996643,0.0],[0.9848077893257141,0.0,0.1736481785774231,-0.6000000834465027],[0.0,0.0,0.0,1.0]],"object_id":"mesh"}{"110":{"bb":{"h":-273,"w":-334,"x":589,"y":565}},"object_id":"mesh"}{"Orientation":[[0.15038372576236725,0.5,-0.8528684973716736,0.0],[-0.08682408183813095,0.8660253286361694,0.49240386486053467,0.0],[0.9848077893257141,-3.725290298461914e-09,0.1736481785774231,-0.6000000834465027],[0.0,0.0,0.0,1.0]],"object_id":"mesh"}{"120":{"bb":{"h":-338,"w":-369,"x":598,"y":578}},"object_id":"mesh"}{"Orientation":[[0.08682408183813095,0.8660253882408142,-0.4924038052558899,0.0],[-0.15038372576236725,0.4999999403953552,0.8528684973716736,0.0],[0.9848077893257141,0.0,0.1736481785774231,-0.6000000834465027],[0.0,0.0,0.0,1.0]],"object_id":"mesh"}{"130":{"bb":{"h":-369,"w":-338,"x":590,"y":585}},"object_id":"mesh"}{"Orientation":[[-0.030153682455420494,0.9848076701164246,0.1710100769996643,0.0],[-0.1710100620985031,-0.1736481785774231,0.969846248626709,0.0],[0.9848078489303589,7.450580596923828e-09,0.1736481785774231,-0.6000000834465027],[0.0,0.0,0.0,1.0]],"object_id":"mesh"}{"140":{"bb":{"h":-334,"w":-273,"x":565,"y":577}},"object_id":"mesh"}{"Orientation":[[-0.15038372576236725,0.5,0.8528684377670288,0.0],[-0.08682408928871155,-0.8660253882408142,0.49240386486053467,0.0],[0.9848078489303589,0.0,0.1736481934785843,-0.6000000834465027],[0.0,0.0,0.0,1.0]],"object_id":"mesh"}{"150":{"bb":{"h":-338,"w":-369,"x":585,"y":578}},"object_id":"mesh"}{"Orientation":[[-0.15038374066352844,-0.5,0.8528684973716736,0.0],[0.08682408928871155,-0.8660253882408142,-0.49240392446517944,0.0],[0.9848078489303589,0.0,0.1736481785774231,-0.6000000834465027],[0.0,0.0,0.0,1.0]],"object_id":"mesh"}{"160":{"bb":{"h":-338,"w":-369,"x":585,"y":590}},"object_id":"mesh"}{"Orientation":[[0.030153676867485046,-0.9848077297210693,-0.1710100769996643,0.0],[0.1710100620985031,0.17364823818206787,-0.9698463082313538,0.0],[0.9848079085350037,1.4901161193847656e-08,0.1736481934785843,-0.6000000834465027],[0.0,0.0,0.0,1.0]],"object_id":"mesh"}{"170":{"bb":{"h":-334,"w":-273,"x":570,"y":589}},"object_id":"mesh"}{"Orientation":[[0.1736481487751007,-4.470348358154297e-08,-0.9848077893257141,0.0],[0.0,1.0,1.4901161193847656e-08,0.0],[0.9848079681396484,0.0,0.17364820837974548,-0.6000000834465027],[0.0,0.0,0.0,1.0]],"object_id":"mesh"}{"180":{"bb":{"h":-235,"w":-301,"x":580,"y":558}},"object_id":"mesh"}{"Orientation":[[-2.9802322387695313e-08,1.0,-7.450580596923828e-09,0.0],[-0.1736481785774231,-5.838616701225874e-08,0.9848077893257141,0.0],[0.9848079681396484,0.0,0.17364822328090668,-0.6000000834465027],[0.0,0.0,0.0,1.0]],"object_id":"mesh"}{"190":{"bb":{"h":-301,"w":-235,"x":558,"y":570}},"object_id":"mesh"}{"Orientation":[[-0.1710100919008255,-0.1736481934785843,0.9698463082313538,0.0],[0.030153706669807434,-0.9848077893257141,-0.17101015150547028,0.0],[0.9848082065582275,-1.4901161193847656e-08,0.17364823818206787,-0.6000000834465027],[0.0,0.0,0.0,1.0]],"object_id":"mesh"}{"200":{"bb":{"h":-273,"w":-334,"x":577,"y":570}},"object_id":"mesh"}{"Orientation":[[0.08682405948638916,-0.8660253882408142,-0.49240386486053467,0.0],[0.15038374066352844,0.5000001192092896,-0.8528685569763184,0.0],[0.9848082661628723,2.9802322387695313e-08,0.17364826798439026,-0.6000000834465027],[0.0,0.0,0.0,1.0]],"object_id":"mesh"}{"210":{"bb":{"h":-369,"w":-338,"x":590,"y":598}},"object_id":"mesh"}{"Orientation":[[0.08682405948638916,0.866025447845459,-0.4924038350582123,0.0],[-0.15038374066352844,0.4999999403953552,0.8528686761856079,0.0],[0.9848083257675171,-2.9802322387695313e-08,0.17364828288555145,-0.6000000834465027],[0.0,0.0,0.0,1.0]],"object_id":"mesh"}{"220":{"bb":{"h":-369,"w":-338,"x":590,"y":585}},"object_id":"mesh"}{"Orientation":[[-0.1710100919008255,-0.17364823818206787,0.9698463082313538,0.0],[0.030153736472129822,-0.9848078489303589,-0.17101025581359863,0.0],[0.9848085045814514,0.0,0.17364828288555145,-0.6000000834465027],[0.0,0.0,0.0,1.0]],"object_id":"mesh"}{"230":{"bb":{"h":-273,"w":-334,"x":577,"y":570}},"object_id":"mesh"}{"Orientation":[[0.15038371086120605,-0.4999999701976776,-0.8528685569763184,0.0],[0.08682408928871155,0.8660256266593933,-0.4924038350582123,0.0],[0.984808623790741,1.4901161193847656e-08,0.17364834249019623,-0.6000000834465027],[0.0,0.0,0.0,1.0]],"object_id":"mesh"}{"240":{"bb":{"h":-338,"w":-369,"x":598,"y":590}},"object_id":"mesh"}{"Orientation":[[-0.08682410418987274,0.866025447845459,0.4924038052558899,0.0],[-0.15038374066352844,-0.5000001192092896,0.8528686761856079,0.0],[0.9848088622093201,-2.2351741790771484e-08,0.17364835739135742,-0.6000000834465027],[0.0,0.0,0.0,1.0]],"object_id":"mesh"}{"250":{"bb":{"h":-369,"w":-338,"x":578,"y":585}},"object_id":"mesh"}{"Orientation":[[0.03015364706516266,-0.9848077893257141,-0.17100992798805237,0.0],[0.1710101217031479,0.1736481785774231,-0.9698464870452881,0.0],[0.9848090410232544,2.2351741790771484e-08,0.1736484169960022,-0.6000000834465027],[0.0,0.0,0.0,1.0]],"object_id":"mesh"}{"260":{"bb":{"h":-334,"w":-273,"x":570,"y":589}},"object_id":"mesh"}{"Orientation":[[2.9802322387695313e-08,1.0,-2.8312206268310547e-07,0.0],[-0.1736481785774231,1.6391277313232422e-07,0.9848079681396484,0.0],[0.984809160232544,-2.60770320892334e-08,0.173648402094841,-0.6000000834465027],[0.0,0.0,0.0,1.0]],"object_id":"mesh"}{"270":{"bb":{"h":-301,"w":-235,"x":558,"y":570}},"object_id":"mesh"}{"Orientation":[[-5.364762145632085e-08,-1.0,1.901460819908607e-07,0.0],[0.17364825308322906,-7.648998234799365e-08,-0.9848079681396484,0.0],[0.9848092794418335,2.607703031287656e-08,0.17364844679832458,-0.6000000834465027],[0.0,0.0,0.0,1.0]],"object_id":"mesh"}{"280":{"bb":{"h":-301,"w":-235,"x":558,"y":580}},"object_id":"mesh"}{"Orientation":[[-0.030153682455420494,0.9848077893257141,0.17100992798805237,0.0],[-0.1710100620985031,-0.1736481934785843,0.9698465466499329,0.0],[0.984809398651123,-2.60770320892334e-08,0.17364846169948578,-0.6000000834465027],[0.0,0.0,0.0,1.0]],"object_id":"mesh"}{"290":{"bb":{"h":-334,"w":-273,"x":565,"y":577}},"object_id":"mesh"}{"Orientation":[[0.08682405203580856,-0.866025447845459,-0.4924038052558899,0.0],[0.1503838300704956,0.5000001192092896,-0.8528687357902527,0.0],[0.9848095178604126,2.60770320892334e-08,0.17364850640296936,-0.6000000834465027],[0.0,0.0,0.0,1.0]],"object_id":"mesh"}{"300":{"bb":{"h":-369,"w":-338,"x":590,"y":598}},"object_id":"mesh"}{"Orientation":[[-0.15038374066352844,0.5,0.8528684377670288,0.0],[-0.08682405948638916,-0.8660255670547485,0.4924040138721466,0.0],[0.9848097562789917,-7.450580596923828e-09,0.17364852130413055,-0.6000000834465027],[0.0,0.0,0.0,1.0]],"object_id":"mesh"}{"310":{"bb":{"h":-338,"w":-369,"x":585,"y":578}},"object_id":"mesh"}{"Orientation":[[0.17101004719734192,0.17364805936813354,-0.9698463082313538,0.0],[-0.030153632164001465,0.9848079681396484,0.17101004719734192,0.0],[0.984809935092926,7.450580596923828e-09,0.17364855110645294,-0.6000000834465027],[0.0,0.0,0.0,1.0]],"object_id":"mesh"}{"320":{"bb":{"h":-273,"w":-334,"x":589,"y":565}},"object_id":"mesh"}{"Orientation":[[-0.08682413399219513,-0.8660253882408142,0.4924038350582123,0.0],[0.1503838300704956,-0.5000000596046448,-0.8528687357902527,0.0],[0.9848099946975708,-1.4901161193847656e-08,0.17364859580993652,-0.6000000834465027],[0.0,0.0,0.0,1.0]],"object_id":"mesh"}{"330":{"bb":{"h":-369,"w":-338,"x":578,"y":598}},"object_id":"mesh"}{"Orientation":[[-0.08682416379451752,0.8660253286361694,0.4924039840698242,0.0],[-0.15038368105888367,-0.5000002980232239,0.8528686761856079,0.0],[0.9848101735115051,2.9802322387695313e-08,0.17364855110645294,-0.6000000834465027],[0.0,0.0,0.0,1.0]],"object_id":"mesh"}{"340":{"bb":{"h":-369,"w":-338,"x":578,"y":585}},"object_id":"mesh"}{"Orientation":[[0.17101001739501953,0.1736484169960022,-0.9698463678359985,0.0],[-0.030153676867485046,0.9848080277442932,0.17101040482521057,0.0],[0.9848102331161499,-5.960464477539063e-08,0.17364859580993652,-0.6000000834465027],[0.0,0.0,0.0,1.0]],"object_id":"mesh"}{"350":{"bb":{"h":-273,"w":-334,"x":589,"y":565}},"object_id":"mesh"}{"Orientation":[[0.0,-1.0000001192092896,-2.8312206268310547e-07,0.0],[0.17364829778671265,3.129243850708008e-07,-0.9848081469535828,0.0],[0.9848104119300842,0.0,0.1736486703157425,-0.6000000834465027],[0.0,0.0,0.0,1.0]],"object_id":"mesh"}{"360":{"bb":{"h":-301,"w":-235,"x":558,"y":580}},"object_id":"mesh"}{"Orientation":[[-0.17364823818206787,-2.907456746470416e-07,0.9848079085350037,0.0],[1.043081283569336e-07,-1.0000004768371582,-3.073364496231079e-07,0.0],[0.984810471534729,2.9802322387695313e-08,0.1736486554145813,-0.6000000834465027],[0.0,0.0,0.0,1.0]],"object_id":"mesh"}{"370":{"bb":{"h":-235,"w":-301,"x":570,"y":558}},"object_id":"mesh"}{"Orientation":[[-0.03015376627445221,0.9848079085350037,0.1710103452205658,0.0],[-0.1710100769996643,-0.17364855110645294,0.9698467254638672,0.0],[0.9848105311393738,0.0,0.1736486554145813,-0.6000000834465027],[0.0,0.0,0.0,1.0]],"object_id":"mesh"}{"380":{"bb":{"h":-334,"w":-273,"x":565,"y":577}},"object_id":"mesh"}{"Orientation":[[0.15038371086120605,0.5000002384185791,-0.8528686165809631,0.0],[-0.08682410418987274,0.8660256862640381,0.4924043118953705,0.0],[0.9848105907440186,-1.4901161193847656e-08,0.1736486703157425,-0.6000000834465027],[0.0,0.0,0.0,1.0]],"object_id":"mesh"}{"390":{"bb":{"h":-338,"w":-369,"x":598,"y":578}},"object_id":"mesh"}{"Orientation":[[0.15038374066352844,-0.5000000596046448,-0.8528687357902527,0.0],[0.08682415634393692,0.8660258650779724,-0.4924040138721466,0.0],[0.9848106503486633,0.0,0.17364870011806488,-0.6000000834465027],[0.0,0.0,0.0,1.0]],"object_id":"mesh"}{"400":{"bb":{"h":-338,"w":-369,"x":598,"y":590}},"object_id":"mesh"}{"Orientation":[[0.030153650790452957,-0.9848079681396484,-0.17101004719734192,0.0],[0.17101019620895386,0.17364823818206787,-0.9698468446731567,0.0],[0.9848106503486633,1.4901161193847656e-08,0.17364870011806488,-0.6000000834465027],[0.0,0.0,0.0,1.0]],"object_id":"mesh"}{"410":{"bb":{"h":-334,"w":-273,"x":570,"y":589}},"object_id":"mesh"}{"Orientation":[[-0.08682418614625931,-0.866025447845459,0.49240416288375854,0.0],[0.1503838300704956,-0.5000004768371582,-0.852868914604187,0.0],[0.9848106503486633,2.2351741790771484e-08,0.1736486852169037,-0.6000000834465027],[0.0,0.0,0.0,1.0]],"object_id":"mesh"}{"420":{"bb":{"h":-369,"w":-338,"x":578,"y":598}},"object_id":"mesh"}{"Orientation":[[-0.150383859872818,-0.4999997615814209,0.852868914604187,0.0],[0.08682411164045334,-0.8660261631011963,-0.4924038052558899,0.0],[0.9848106503486633,2.9802322387695313e-08,0.1736486852169037,-0.6000000834465027],[0.0,0.0,0.0,1.0]],"object_id":"mesh"}{"430":{"bb":{"h":-338,"w":-369,"x":585,"y":590}},"object_id":"mesh"}{"Orientation":[[-0.17101018130779266,-0.17364755272865295,0.9698466062545776,0.0],[0.030153635889291763,-0.9848085045814514,-0.17100948095321655,0.0],[0.9848106503486633,3.3527612686157227e-08,0.1736486852169037,-0.6000000834465027],[0.0,0.0,0.0,1.0]],"object_id":"mesh"}{"440":{"bb":{"h":-273,"w":-334,"x":577,"y":570}},"object_id":"mesh"}{"Orientation":[[-0.17364825308322906,9.387731552124023e-07,0.9848079681396484,0.0],[-1.2165401130914688e-07,-1.0000007152557373,9.834766387939453e-07,0.0],[0.9848106503486633,3.3527612686157227e-08,0.1736486852169037,-0.6000000834465027],[0.0,0.0,0.0,1.0]],"object_id":"mesh"}{"450":{"bb":{"h":-235,"w":-301,"x":570,"y":558}},"object_id":"mesh"}{"Orientation":[[-0.17364825308322906,7.639275736437412e-07,0.9848079681396484,0.0],[-9.129237810157065e-08,-1.0000007152557373,8.11287236501812e-07,0.0],[0.9848106503486633,3.352760913344355e-08,0.1736486852169037,-0.6000000834465027],[0.0,0.0,0.0,1.0]],"object_id":"mesh"}{"460":{"bb":{"h":-235,"w":-301,"x":570,"y":558}},"object_id":"mesh"}{"Orientation":[[0.258819043636322,0.0,-0.9659258127212524,0.0],[0.0,1.0000001192092896,0.0,0.0],[0.965925931930542,0.0,0.2588190734386444,-0.6000000834465027],[0.0,0.0,0.0,1.0]],"object_id":"mesh"}{"150":{"bb":{"h":-236,"w":-329,"x":587,"y":559}},"object_id":"mesh"}{"Orientation":[[0.2548869848251343,0.1736481934785843,-0.951251208782196,0.0],[-0.04494346305727959,0.9848078489303589,0.16773129999637604,0.0],[0.965925931930542,-3.725290298461914e-09,0.2588190734386444,-0.6000000834465027],[0.0,0.0,0.0,1.0]],"object_id":"mesh"}{"160":{"bb":{"h":-272,"w":-362,"x":596,"y":564}},"object_id":"mesh"}{"Orientation":[[0.2241438329219818,0.5,-0.8365162014961243,0.0],[-0.1294095367193222,0.8660255074501038,0.482962965965271,0.0],[0.965925931930542,0.0,0.2588190734386444,-0.6000000834465027],[0.0,0.0,0.0,1.0]],"object_id":"mesh"}{"170":{"bb":{"h":-351,"w":-393,"x":604,"y":582}},"object_id":"mesh"}{"Orientation":[[0.12940946221351624,0.8660253882408142,-0.48296278715133667,0.0],[-0.22414390742778778,0.5,0.8365164399147034,0.0],[0.965925931930542,0.0,0.2588190734386444,-0.6000000834465027],[0.0,0.0,0.0,1.0]],"object_id":"mesh"}{"180":{"bb":{"h":-393,"w":-351,"x":593,"y":592}},"object_id":"mesh"}{"Orientation":[[-0.04494350776076317,0.9848077297210693,0.167731374502182,0.0],[-0.25488704442977905,-0.17364832758903503,0.9512513875961304,0.0],[0.965925931930542,0.0,0.2588190734386444,-0.6000000834465027],[0.0,0.0,0.0,1.0]],"object_id":"mesh"}{"190":{"bb":{"h":-362,"w":-272,"x":564,"y":584}},"object_id":"mesh"}{"Orientation":[[-0.22414393723011017,0.49999988079071045,0.8365164995193481,0.0],[-0.129409521818161,-0.8660256862640381,0.4829629063606262,0.0],[0.9659259915351868,0.0,0.2588191032409668,-0.6000000834465027],[0.0,0.0,0.0,1.0]],"object_id":"mesh"}{"200":{"bb":{"h":-351,"w":-393,"x":592,"y":582}},"object_id":"mesh"}{"Orientation":[[-0.2241438925266266,-0.5000003576278687,0.8365163803100586,0.0],[0.12940964102745056,-0.8660255670547485,-0.48296332359313965,0.0],[0.9659260511398315,-1.4901161193847656e-08,0.2588191330432892,-0.6000000834465027],[0.0,0.0,0.0,1.0]],"object_id":"mesh"}{"210":{"bb":{"h":-351,"w":-393,"x":592,"y":593}},"object_id":"mesh"}{"Orientation":[[0.044943541288375854,-0.9848080277442932,-0.1677316129207611,0.0],[0.25488710403442383,0.17364856600761414,-0.9512516260147095,0.0],[0.9659262299537659,-1.4901161193847656e-08,0.2588191330432892,-0.6000000834465027],[0.0,0.0,0.0,1.0]],"object_id":"mesh"}{"220":{"bb":{"h":-362,"w":-272,"x":571,"y":596}},"object_id":"mesh"}{"Orientation":[[0.2588191330432892,2.682209014892578e-07,-0.9659262299537659,0.0],[-7.450580596923828e-08,1.0000005960464478,2.682209014892578e-07,0.0],[0.9659264087677002,1.4901161193847656e-08,0.25881916284561157,-0.6000000834465027],[0.0,0.0,0.0,1.0]],"object_id":"mesh"}{"230":{"bb":{"h":-236,"w":-329,"x":587,"y":559}},"object_id":"mesh"}{"Orientation":[[-1.1920928955078125e-07,1.0000004768371582,2.980232238769531e-07,0.0],[-0.25881922245025635,-3.220764597244852e-07,0.9659265279769897,0.0],[0.9659265279769897,2.9802322387695313e-08,0.25881925225257874,-0.6000000834465027],[0.0,0.0,0.0,1.0]],"object_id":"mesh"}{"240":{"bb":{"h":-329,"w":-236,"x":559,"y":577}},"object_id":"mesh"}{"Orientation":[[-0.2548871636390686,-0.17364859580993652,0.951251745223999,0.0],[0.04494360089302063,-0.9848085045814514,-0.16773170232772827,0.0],[0.9659267663955688,-2.9802322387695313e-08,0.2588193416595459,-0.6000000834465027],[0.0,0.0,0.0,1.0]],"object_id":"mesh"}{"250":{"bb":{"h":-272,"w":-362,"x":584,"y":571}},"object_id":"mesh"}{"Orientation":[[0.12940964102745056,-0.8660258650779724,-0.482963502407074,0.0],[0.22414405643939972,0.5000007152557373,-0.8365169167518616,0.0],[0.9659271240234375,-2.9802322387695313e-08,0.2588193118572235,-0.6000000834465027],[0.0,0.0,0.0,1.0]],"object_id":"mesh"}{"260":{"bb":{"h":-393,"w":-351,"x":593,"y":604}},"object_id":"mesh"}{"Orientation":[[0.12940950691699982,0.8660262823104858,-0.48296305537223816,0.0],[-0.2241441309452057,0.5000002384185791,0.836517333984375,0.0],[0.9659273624420166,7.450580596923828e-08,0.25881946086883545,-0.6000000834465027],[0.0,0.0,0.0,1.0]],"object_id":"mesh"}{"270":{"bb":{"h":-393,"w":-351,"x":593,"y":592}},"object_id":"mesh"}{"Orientation":[[-0.25488728284835815,-0.1736486256122589,0.9512519836425781,0.0],[0.04494363069534302,-0.9848088026046753,-0.16773173213005066,0.0],[0.9659276604652405,-4.470348358154297e-08,0.2588196098804474,-0.6000000834465027],[0.0,0.0,0.0,1.0]],"object_id":"mesh"}{"280":{"bb":{"h":-272,"w":-362,"x":584,"y":571}},"object_id":"mesh"}{"Orientation":[[0.22414404153823853,-0.5000002384185791,-0.8365171551704407,0.0],[0.12940967082977295,0.8660265207290649,-0.4829632639884949,0.0],[0.9659279584884644,-1.4901161193847656e-08,0.2588195204734802,-0.6000000834465027],[0.0,0.0,0.0,1.0]],"object_id":"mesh"}{"290":{"bb":{"h":-351,"w":-393,"x":604,"y":593}},"object_id":"mesh"}{"Orientation":[[-0.12940970063209534,0.8660261631011963,0.4829633831977844,0.0],[-0.2241440713405609,-0.5000007152557373,0.8365172147750854,0.0],[0.965928316116333,5.960464477539063e-08,0.2588198184967041,-0.6000000834465027],[0.0,0.0,0.0,1.0]],"object_id":"mesh"}{"300":{"bb":{"h":-393,"w":-351,"x":582,"y":592}},"object_id":"mesh"}{"Orientation":[[0.044943422079086304,-0.9848086833953857,-0.167731374502182,0.0],[0.25488734245300293,0.17364847660064697,-0.9512524008750916,0.0],[0.965928852558136,-9.685754776000977e-08,0.2588197588920593,-0.6000000834465027],[0.0,0.0,0.0,1.0]],"object_id":"mesh"}{"310":{"bb":{"h":-362,"w":-272,"x":571,"y":596}},"object_id":"mesh"}{"Orientation":[[-7.450580596923828e-09,1.0000009536743164,-2.086162567138672e-07,0.0],[-0.2588193118572235,4.470348358154297e-08,0.96