{"Orientation":[[0.0,0.0,-1.0,0.0],[0.0,1.0,0.0,0.0],[1.0,0.0,0.0,-0.5],[0.0,0.0,0.0,1.0]],"object_id":"mesh"}{"0":{"bb":{"h":-285,"w":-314,"x":578,"y":571}},"object_id":"mesh"}{"Orientation":[[0.0,0.1736481785774231,-0.9848077297210693,0.0],[0.0,0.9848077297210693,0.1736481785774231,0.0],[1.0,0.0,0.0,-0.5],[0.0,0.0,0.0,1.0]],"object_id":"mesh"}{"10":{"bb":{"h":-335,"w":-359,"x":589,"y":583}},"object_id":"mesh"}{"Orientation":[[0.0,0.4999999701976776,-0.8660253286361694,0.0],[0.0,0.8660253286361694,0.4999999701976776,0.0],[1.0,0.0,0.0,-0.5],[0.0,0.0,0.0,1.0]],"object_id":"mesh"}{"20":{"bb":{"h":-404,"w":-415,"x":603,"y":601}},"object_id":"mesh"}{"Orientation":[[0.0,0.8660253286361694,-0.4999999403953552,0.0],[0.0,0.4999999403953552,0.8660253286361694,0.0],[1.0,0.0,0.0,-0.5],[0.0,0.0,0.0,1.0]],"object_id":"mesh"}{"30":{"bb":{"h":-415,"w":-404,"x":601,"y":603}},"object_id":"mesh"}{"Orientation":[[0.0,0.9848076105117798,0.1736481487751007,0.0],[0.0,-0.1736481487751007,0.9848076105117798,0.0],[1.0,0.0,0.0,-0.5],[0.0,0.0,0.0,1.0]],"object_id":"mesh"}{"40":{"bb":{"h":-359,"w":-335,"x":583,"y":589}},"object_id":"mesh"}{"Orientation":[[0.0,0.4999999403953552,0.8660252690315247,0.0],[0.0,-0.8660252690315247,0.4999999403953552,0.0],[1.0,0.0,0.0,-0.5],[0.0,0.0,0.0,1.0]],"object_id":"mesh"}{"50":{"bb":{"h":-404,"w":-415,"x":603,"y":601}},"object_id":"mesh"}{"Orientation":[[0.0,-0.5,0.8660252690315247,0.0],[0.0,-0.8660252690315247,-0.5,0.0],[1.0,0.0,0.0,-0.5],[0.0,0.0,0.0,1.0]],"object_id":"mesh"}{"60":{"bb":{"h":-404,"w":-415,"x":603,"y":601}},"object_id":"mesh"}{"Orientation":[[0.0,-0.9848076105117798,-0.17364820837974548,0.0],[0.0,0.17364820837974548,-0.9848076105117798,0.0],[1.0,0.0,0.0,-0.5],[0.0,0.0,0.0,1.0]],"object_id":"mesh"}{"70":{"bb":{"h":-359,"w":-335,"x":583,"y":589}},"object_id":"mesh"}{"Orientation":[[0.0,0.0,-0.9999998211860657,0.0],[0.0,0.9999998211860657,0.0,0.0],[1.0,0.0,0.0,-0.5],[0.0,0.0,0.0,1.0]],"object_id":"mesh"}{"80":{"bb":{"h":-285,"w":-314,"x":578,"y":571}},"object_id":"mesh"}{"Orientation":[[0.0,0.9999998211860657,4.371138118131057e-08,0.0],[0.0,-4.371138118131057e-08,0.9999998211860657,0.0],[0.9999999403953552,0.0,0.0,-0.5],[0.0,0.0,0.0,1.0]],"object_id":"mesh"}{"90":{"bb":{"h":-314,"w":-285,"x":571,"y":578}},"object_id":"mesh"}{"Orientation":[[0.0,-0.17364820837974548,0.984807550907135,0.0],[0.0,-0.984807550907135,-0.17364820837974548,0.0],[0.9999999403953552,0.0,0.0,-0.5],[0.0,0.0,0.0,1.0]],"object_id":"mesh"}{"100":{"bb":{"h":-335,"w":-359,"x":589,"y":583}},"object_id":"mesh"}{"Orientation":[[0.0,-0.8660252094268799,-0.4999999403953552,0.0],[0.0,0.4999999403953552,-0.8660252094268799,0.0],[0.9999999403953552,0.0,0.0,-0.5],[0.0,0.0,0.0,1.0]],"object_id":"mesh"}{"110":{"bb":{"h":-415,"w":-404,"x":601,"y":603}},"object_id":"mesh"}{"Orientation":[[0.0,0.8660253286361694,-0.4999998211860657,0.0],[0.0,0.4999998211860657,0.8660253286361694,0.0],[0.9999998807907104,0.0,0.0,-0.5],[0.0,0.0,0.0,1.0]],"object_id":"mesh"}{"120":{"bb":{"h":-415,"w":-404,"x":601,"y":603}},"object_id":"mesh"}{"Orientation":[[0.0,-0.17364829778671265,0.9848076105117798,0.0],[0.0,-0.9848076105117798,-0.17364829778671265,0.0],[0.9999998807907104,0.0,0.0,-0.5],[0.0,0.0,0.0,1.0]],"object_id":"mesh"}{"130":{"bb":{"h":-335,"w":-359,"x":589,"y":583}},"object_id":"mesh"}{"Orientation":[[0.0,-0.4999998211860657,-0.8660253882408142,0.0],[0.0,0.8660253882408142,-0.4999998211860657,0.0],[0.9999998211860657,0.0,0.0,-0.5],[0.0,0.0,0.0,1.0]],"object_id":"mesh"}{"140":{"bb":{"h":-404,"w":-415,"x":603,"y":601}},"object_id":"mesh"}{"Orientation":[[0.0,0.8660253286361694,0.5000000596046448,0.0],[0.0,-0.5000000596046448,0.8660253286361694,0.0],[0.9999998211860657,0.0,0.0,-0.5],[0.0,0.0,0.0,1.0]],"object_id":"mesh"}{"150":{"bb":{"h":-415,"w":-404,"x":601,"y":603}},"object_id":"mesh"}{"Orientation":[[0.0,-0.9848077297210693,-0.17364820837974548,0.0],[0.0,0.17364820837974548,-0.9848077297210693,0.0],[0.9999998211860657,0.0,0.0,-0.5],[0.0,0.0,0.0,1.0]],"object_id":"mesh"}{"160":{"bb":{"h":-359,"w":-335,"x":583,"y":589}},"object_id":"mesh"}{"Orientation":[[0.0,0.9999999403953552,-8.940696716308594e-08,0.0],[0.0,8.940696716308594e-08,0.9999999403953552,0.0],[0.9999998211860657,0.0,0.0,-0.5],[0.0,0.0,0.0,1.0]],"object_id":"mesh"}{"170":{"bb":{"h":-314,"w":-285,"x":571,"y":578}},"object_id":"mesh"}{"Orientation":[[0.0,-0.9999999403953552,1.9841976950374374e-09,0.0],[0.0,-1.9841976950374374e-09,-0.9999999403953552,0.0],[0.9999998211860657,0.0,0.0,-0.5],[0.0,0.0,0.0,1.0]],"object_id":"mesh"}{"180":{"bb":{"h":-314,"w":-285,"x":571,"y":578}},"object_id":"mesh"}{"Orientation":[[0.0,0.9848076701164246,0.17364820837974548,0.0],[0.0,-0.17364820837974548,0.9848076701164246,0.0],[0.9999998211860657,0.0,0.0,-0.5],[0.0,0.0,0.0,1.0]],"object_id":"mesh"}{"190":{"bb":{"h":-359,"w":-335,"x":583,"y":589}},"object_id":"mesh"}{"Orientation":[[0.0,-0.8660252690315247,-0.5,0.0],[0.0,0.5,-0.8660252690315247,0.0],[0.9999998211860657,0.0,0.0,-0.5],[0.0,0.0,0.0,1.0]],"object_id":"mesh"}{"200":{"bb":{"h":-415,"w":-404,"x":601,"y":603}},"object_id":"mesh"}{"Orientation":[[0.0,0.49999988079071045,0.8660253286361694,0.0],[0.0,-0.8660253286361694,0.49999988079071045,0.0],[0.9999998211860657,0.0,0.0,-0.5],[0.0,0.0,0.0,1.0]],"object_id":"mesh"}{"210":{"bb":{"h":-404,"w":-415,"x":603,"y":601}},"object_id":"mesh"}{"Orientation":[[0.0,0.1736481487751007,-0.9848076105117798,0.0],[0.0,0.9848076105117798,0.1736481487751007,0.0],[0.9999998211860657,0.0,0.0,-0.5],[0.0,0.0,0.0,1.0]],"object_id":"mesh"}{"220":{"bb":{"h":-335,"w":-359,"x":589,"y":583}},"object_id":"mesh"}{"Orientation":[[0.0,-0.8660253882408142,0.4999997913837433,0.0],[0.0,-0.4999997913837433,-0.8660253882408142,0.0],[0.9999997615814209,0.0,0.0,-0.5],[0.0,0.0,0.0,1.0]],"object_id":"mesh"}{"230":{"bb":{"h":-415,"w":-404,"x":601,"y":603}},"object_id":"mesh"}{"Orientation":[[0.0,0.8660251498222351,0.5000001192092896,0.0],[0.0,-0.5000001192092896,0.8660251498222351,0.0],[0.9999997615814209,0.0,0.0,-0.5],[0.0,0.0,0.0,1.0]],"object_id":"mesh"}{"240":{"bb":{"h":-415,"w":-404,"x":601,"y":603}},"object_id":"mesh"}{"Orientation":[[0.0,0.17364847660064697,-0.984807550907135,0.0],[0.0,0.984807550907135,0.17364847660064697,0.0],[0.9999997615814209,0.0,0.0,-0.5],[0.0,0.0,0.0,1.0]],"object_id":"mesh"}{"250":{"bb":{"h":-335,"w":-359,"x":589,"y":583}},"object_id":"mesh"}{"Orientation":[[0.0,-0.9999998807907104,-3.8743019104003906e-07,0.0],[0.0,3.8743019104003906e-07,-0.9999998807907104,0.0],[0.9999997615814209,0.0,0.0,-0.5],[0.0,0.0,0.0,1.0]],"object_id":"mesh"}{"260":{"bb":{"h":-314,"w":-285,"x":571,"y":578}},"object_id":"mesh"}{"Orientation":[[0.0,-3.9935505924404424e-07,0.9999998807907104,0.0],[0.0,-0.9999998807907104,-3.9935505924404424e-07,0.0],[0.9999997615814209,0.0,0.0,-0.5],[0.0,0.0,0.0,1.0]],"object_id":"mesh"}{"270":{"bb":{"h":-285,"w":-314,"x":578,"y":571}},"object_id":"mesh"}{"Orientation":[[0.0,0.984807550907135,0.17364852130413055,0.0],[0.0,-0.17364852130413055,0.984807550907135,0.0],[0.9999997615814209,0.0,0.0,-0.5],[0.0,0.0,0.0,1.0]],"object_id":"mesh"}{"280":{"bb":{"h":-359,"w":-335,"x":583,"y":589}},"object_id":"mesh"}{"Orientation":[[0.0,0.5000002384185791,-0.8660251498222351,0.0],[0.0,0.8660251498222351,0.5000002384185791,0.0],[0.9999997615814209,0.0,0.0,-0.5],[0.0,0.0,0.0,1.0]],"object_id":"mesh"}{"290":{"bb":{"h":-404,"w":-415,"x":603,"y":601}},"object_id":"mesh"}{"Orientation":[[0.0,-0.4999997615814209,-0.866025447845459,0.0],[0.0,0.866025447845459,-0.4999997615814209,0.0],[0.9999997615814209,0.0,0.0,-0.5],[0.0,0.0,0.0,1.0]],"object_id":"mesh"}{"300":{"bb":{"h":-404,"w":-415,"x":603,"y":601}},"object_id":"mesh"}{"Orientation":[[0.0,-0.9848076105117798,-0.17364829778671265,0.0],[0.0,0.17364829778671265,-0.9848076105117798,0.0],[0.9999997615814209,0.0,0.0,-0.5],[0.0,0.0,0.0,1.0]],"object_id":"mesh"}{"310":{"bb":{"h":-359,"w":-335,"x":583,"y":589}},"object_id":"mesh"}{"Orientation":[[0.0,-0.8660252690315247,0.4999999403953552,0.0],[0.0,-0.4999999403953552,-0.8660252690315247,0.0],[0.9999997615814209,0.0,0.0,-0.5],[0.0,0.0,0.0,1.0]],"object_id":"mesh"}{"320":{"bb":{"h":-415,"w":-404,"x":601,"y":603}},"object_id":"mesh"}{"Orientation":[[0.0,-0.4999997615814209,0.8660253882408142,0.0],[0.0,-0.8660253882408142,-0.4999997615814209,0.0],[0.9999997615814209,0.0,0.0,-0.5],[0.0,0.0,0.0,1.0]],"object_id":"mesh"}{"330":{"bb":{"h":-404,"w":-415,"x":603,"y":601}},"object_id":"mesh"}{"Orientation":[[0.0,-0.17364773154258728,0.9848077297210693,0.0],[0.0,-0.9848077297210693,-0.17364773154258728,0.0],[0.9999997615814209,0.0,0.0,-0.5],[0.0,0.0,0.0,1.0]],"object_id":"mesh"}{"340":{"bb":{"h":-335,"w":-359,"x":589,"y":583}},"object_id":"mesh"}{"Orientation":[[0.0,7.003545761108398e-07,0.9999998807907104,0.0],[0.0,-0.9999998807907104,7.003545761108398e-07,0.0],[0.9999997615814209,0.0,0.0,-0.5],[0.0,0.0,0.0,1.0]],"object_id":"mesh"}{"350":{"bb":{"h":-285,"w":-314,"x":578,"y":571}},"object_id":"mesh"}{"Orientation":[[0.0,5.255090513855976e-07,0.9999998807907104,0.0],[0.0,-0.9999998807907104,5.255090513855976e-07,0.0],[0.9999997615814209,0.0,0.0,-0.5],[0.0,0.0,0.0,1.0]],"object_id":"mesh"}{"360":{"bb":{"h":-285,"w":-314,"x":578,"y":571}},"object_id":"mesh"}{"Orientation":[[0.08715573698282242,0.0,-0.9961947202682495,0.0],[0.0,1.0,0.0,0.0],[0.9961947202682495,0.0,0.08715573698282242,-0.5],[0.0,0.0,0.0,1.0]],"object_id":"mesh"}{"50":{"bb":{"h":-286,"w":-326,"x":588,"y":571}},"object_id":"mesh"}{"Orientation":[[0.0858316421508789,0.1736481934785843,-0.981060266494751,0.0],[-0.015134435147047043,0.9848077297210693,0.17298740148544312,0.0],[0.9961947202682495,0.0,0.08715573698282242,-0.5],[0.0,0.0,0.0,1.0]],"object_id":"mesh"}{"60":{"bb":{"h":-335,"w":-366,"x":599,"y":582}},"object_id":"mesh"}{"Orientation":[[0.07547907531261444,0.5,-0.8627299070358276,0.0],[-0.04357786476612091,0.8660253286361694,0.49809736013412476,0.0],[0.9961946606636047,0.0,0.08715574443340302,-0.5],[0.0,0.0,0.0,1.0]],"object_id":"mesh"}{"70":{"bb":{"h":-403,"w":-413,"x":612,"y":595}},"object_id":"mesh"}{"Orientation":[[0.04357786104083061,0.866025447845459,-0.49809730052948,0.0],[-0.07547906786203384,0.4999999403953552,0.8627299070358276,0.0],[0.9961946606636047,-3.725290298461914e-09,0.08715573698282242,-0.5],[0.0,0.0,0.0,1.0]],"object_id":"mesh"}{"80":{"bb":{"h":-413,"w":-403,"x":605,"y":594}},"object_id":"mesh"}{"Orientation":[[-0.015134441666305065,0.9848077297210693,0.17298740148544312,0.0],[-0.08583161979913712,-0.17364820837974548,0.9810602068901062,0.0],[0.99619460105896,-3.725290298461914e-09,0.08715573698282242,-0.5],[0.0,0.0,0.0,1.0]],"object_id":"mesh"}{"90":{"bb":{"h":-366,"w":-335,"x":582,"y":583}},"object_id":"mesh"}{"Orientation":[[-0.07547908276319504,0.5,0.8627299666404724,0.0],[-0.04357784241437912,-0.8660253882408142,0.49809736013412476,0.0],[0.99619460105896,-7.450580596923828e-09,0.08715572953224182,-0.5],[0.0,0.0,0.0,1.0]],"object_id":"mesh"}{"100":{"bb":{"h":-403,"w":-413,"x":594,"y":595}},"object_id":"mesh"}{"Orientation":[[-0.07547908276319504,-0.5000001192092896,0.8627299070358276,0.0],[0.0435778945684433,-0.866025447845459,-0.49809738993644714,0.0],[0.9961945414543152,-7.450580596923828e-09,0.08715571463108063,-0.5],[0.0,0.0,0.0,1.0]],"object_id":"mesh"}{"110":{"bb":{"h":-403,"w":-413,"x":594,"y":605}},"object_id":"mesh"}{"Orientation":[[0.015134446322917938,-0.9848078489303589,-0.17298752069473267,0.0],[0.0858316719532013,0.1736481785774231,-0.9810603260993958,0.0],[0.9961945414543152,7.450580596923828e-09,0.08715571463108063,-0.5],[0.0,0.0,0.0,1.0]],"object_id":"mesh"}{"120":{"bb":{"h":-366,"w":-335,"x":585,"y":599}},"object_id":"mesh"}{"Orientation":[[0.08715573698282242,5.960464477539063e-08,-0.9961947798728943,0.0],[2.9802322387695313e-08,1.0000001192092896,-4.470348358154297e-08,0.0],[0.99619460105896,7.450580596923828e-09,0.08715572953224182,-0.5],[0.0,0.0,0.0,1.0]],"object_id":"mesh"}{"130":{"bb":{"h":-286,"w":-326,"x":588,"y":571}},"object_id":"mesh"}{"Orientation":[[-1.4901161193847656e-08,1.0000001192092896,1.019798219203949e-07,0.0],[-0.08715572208166122,3.4194229669992637e-09,0.9961948394775391,0.0],[0.99619460105896,0.0,0.08715572953224182,-0.5],[0.0,0.0,0.0,1.0]],"object_id":"mesh"}{"140":{"bb":{"h":-326,"w":-286,"x":571,"y":574}},"object_id":"mesh"}{"Orientation":[[-0.0858316570520401,-0.17364831268787384,0.9810603857040405,0.0],[0.015134453773498535,-0.9848079085350037,-0.1729874312877655,0.0],[0.9961947798728943,-7.450580596923828e-09,0.08715573698282242,-0.5],[0.0,0.0,0.0,1.0]],"object_id":"mesh"}{"150":{"bb":{"h":-335,"w":-366,"x":583,"y":585}},"object_id":"mesh"}{"Orientation":[[0.043577879667282104,-0.866025447845459,-0.4980974793434143,0.0],[0.07547911256551743,0.5000000596046448,-0.862730085849762,0.0],[0.9961947798728943,1.4901161193847656e-08,0.08715574443340302,-0.5],[0.0,0.0,0.0,1.0]],"object_id":"mesh"}{"160":{"bb":{"h":-413,"w":-403,"x":605,"y":612}},"object_id":"mesh"}{"Orientation":[[0.04357786476612091,0.8660255670547485,-0.4980972707271576,0.0],[-0.07547907531261444,0.5000001192092896,0.8627301454544067,0.0],[0.9961947202682495,-7.450580596923828e-09,0.08715575933456421,-0.5],[0.0,0.0,0.0,1.0]],"object_id":"mesh"}{"170":{"bb":{"h":-413,"w":-403,"x":605,"y":594}},"object_id":"mesh"}{"Orientation":[[-0.0858316421508789,-0.1736483871936798,0.9810603857040405,0.0],[0.015134476125240326,-0.9848079681396484,-0.1729874610900879,0.0],[0.9961948990821838,-7.450580596923828e-09,0.08715574443340302,-0.5],[0.0,0.0,0.0,1.0]],"object_id":"mesh"}{"180":{"bb":{"h":-335,"w":-366,"x":583,"y":585}},"object_id":"mesh"}{"Orientation":[[0.07547911256551743,-0.4999999403953552,-0.8627301454544067,0.0],[0.04357790946960449,0.8660256266593933,-0.4980974793434143,0.0],[0.9961948990821838,1.1175870895385742e-08,0.0871557742357254,-0.5],[0.0,0.0,0.0,1.0]],"object_id":"mesh"}{"190":{"bb":{"h":-403,"w":-413,"x":612,"y":605}},"object_id":"mesh"}{"Orientation":[[-0.043577879667282104,0.8660255074501038,0.4980974793434143,0.0],[-0.07547907531261444,-0.5000001192092896,0.8627302050590515,0.0],[0.9961950778961182,-2.2351741790771484e-08,0.08715573698282242,-0.5],[0.0,0.0,0.0,1.0]],"object_id":"mesh"}{"200":{"bb":{"h":-413,"w":-403,"x":595,"y":594}},"object_id":"mesh"}{"Orientation":[[0.015134431421756744,-0.9848079085350037,-0.1729874312877655,0.0],[0.08583169430494308,0.1736481487751007,-0.9810606241226196,0.0],[0.9961951971054077,3.3527612686157227e-08,0.0871557965874672,-0.5],[0.0,0.0,0.0,1.0]],"object_id":"mesh"}{"210":{"bb":{"h":-366,"w":-335,"x":585,"y":599}},"object_id":"mesh"}{"Orientation":[[3.725290298461914e-09,1.0000001192092896,-1.1920928955078125e-07,0.0],[-0.08715574443340302,2.2351741790771484e-07,0.9961950778961182,0.0],[0.9961952567100525,-3.632158041000366e-08,0.0871557742357254,-0.5],[0.0,0.0,0.0,1.0]],"object_id":"mesh"}{"220":{"bb":{"h":-326,"w":-286,"x":571,"y":574}},"object_id":"mesh"}{"Orientation":[[-9.412381984930107e-09,-1.0000001192092896,3.095500744620949e-08,0.0],[0.087155781686306,-1.3609459870167484e-07,-0.9961950778961182,0.0],[0.996195375919342,3.632158041000366e-08,0.0871557965874672,-0.5],[0.0,0.0,0.0,1.0]],"object_id":"mesh"}{"230":{"bb":{"h":-326,"w":-286,"x":571,"y":588}},"object_id":"mesh"}{"Orientation":[[-0.015134444460272789,0.9848078489303589,0.1729874312877655,0.0],[-0.0858316645026207,-0.1736481636762619,0.9810606241226196,0.0],[0.9961954355239868,-3.4458935260772705e-08,0.08715580403804779,-0.5],[0.0,0.0,0.0,1.0]],"object_id":"mesh"}{"240":{"bb":{"h":-366,"w":-335,"x":582,"y":583}},"object_id":"mesh"}{"Orientation":[[0.04357786849141121,-0.866025447845459,-0.49809741973876953,0.0],[0.07547910511493683,0.5000001192092896,-0.8627302050590515,0.0],[0.9961954951286316,3.166496753692627e-08,0.08715582638978958,-0.5],[0.0,0.0,0.0,1.0]],"object_id":"mesh"}{"250":{"bb":{"h":-413,"w":-403,"x":605,"y":612}},"object_id":"mesh"}{"Orientation":[[-0.07547909766435623,0.5,0.8627299666404724,0.0],[-0.0435778945684433,-0.8660256266593933,0.4980974793434143,0.0],[0.9961956739425659,-1.1175870895385742e-08,0.087155781686306,-0.5],[0.0,0.0,0.0,1.0]],"object_id":"mesh"}{"260":{"bb":{"h":-403,"w":-413,"x":594,"y":595}},"object_id":"mesh"}{"Orientation":[[0.0858316421508789,0.1736481785774231,-0.9810603857040405,0.0],[-0.015134446322917938,0.984808087348938,0.17298734188079834,0.0],[0.9961957931518555,-1.862645149230957e-08,0.08715585619211197,-0.5],[0.0,0.0,0.0,1.0]],"object_id":"mesh"}{"270":{"bb":{"h":-335,"w":-366,"x":599,"y":582}},"object_id":"mesh"}{"Orientation":[[-0.0435778945684433,-0.8660256266593933,0.49809730052948,0.0],[0.07547909021377563,-0.5000001192092896,-0.8627302646636963,0.0],[0.9961957931518555,3.725290298461914e-08,0.08715583384037018,-0.5],[0.0,0.0,0.0,1.0]],"object_id":"mesh"}{"280":{"bb":{"h":-413,"w":-403,"x":595,"y":612}},"object_id":"mesh"}{"Orientation":[[-0.043577924370765686,0.866025447845459,0.49809759855270386,0.0],[-0.07547912001609802,-0.5000002980232239,0.8627301454544067,0.0],[0.996195912361145,-7.450580596923828e-09,0.08715580403804779,-0.5],[0.0,0.0,0.0,1.0]],"object_id":"mesh"}{"290":{"bb":{"h":-413,"w":-403,"x":595,"y":594}},"object_id":"mesh"}{"Orientation":[[0.08583162724971771,0.17364850640296936,-0.9810603857040405,0.0],[-0.015134476125240326,0.984808087348938,0.1729876697063446,0.0],[0.996195912361145,-2.9802322387695313e-08,0.08715586364269257,-0.5],[0.0,0.0,0.0,1.0]],"object_id":"mesh"}{"300":{"bb":{"h":-335,"w":-366,"x":599,"y":582}},"object_id":"mesh"}{"Orientation":[[0.0,-1.000000238418579,-3.427267074584961e-07,0.0],[0.08715575188398361,2.682209014892578e-07,-0.9961950778961182,0.0],[0.9961960315704346,2.9802322387695313e-08,0.08715587854385376,-0.5],[0.0,0.0,0.0,1.0]],"object_id":"mesh"}{"310":{"bb":{"h":-326,"w":-286,"x":571,"y":588}},"object_id":"mesh"}{"Orientation":[[-0.0871557891368866,-3.533474455252872e-07,0.9961949586868286,0.0],[7.450580596923828e-09,-1.0000003576278687,-2.812594175338745e-07,0.0],[0.9961960911750793,2.2351741790771484e-08,0.08715582638978958,-0.5],[0.0,0.0,0.0,1.0]],"object_id":"mesh"}{"320":{"bb":{"h":-286,"w":-326,"x":574,"y":571}},"object_id":"mesh"}{"Orientation":[[-0.015134505927562714,0.9848079681396484,0.17298775911331177,0.0],[-0.08583168685436249,-0.17364849150180817,0.9810605645179749,0.0],[0.9961962103843689,-1.4901161193847656e-08,0.08715583384037018,-0.5],[0.0,0.0,0.0,1.0]],"object_id":"mesh"}{"330":{"bb":{"h":-366,"w":-335,"x":582,"y":583}},"object_id":"mesh"}{"Orientation":[[0.07547905296087265,0.5000003576278687,-0.8627300262451172,0.0],[-0.04357791319489479,0.8660256266593933,0.498097687959671,0.0],[0.9961962103843689,-3.725290298461914e-08,0.08715587854385376,-0.5],[0.0,0.0,0.0,1.0]],"object_id":"mesh"}{"340":{"bb":{"h":-403,"w":-413,"x":612,"y":595}},"object_id":"mesh"}{"Orientation":[[0.07547907531261444,-0.5,-0.8627302050590515,0.0],[0.043577857315540314,0.8660257458686829,-0.4980974495410919,0.0],[0.9961962699890137,0.0,0.08715590834617615,-0.5],[0.0,0.0,0.0,1.0]],"object_id":"mesh"}{"350":{"bb":{"h":-403,"w":-413,"x":612,"y":605}},"object_id":"mesh"}{"Orientation":[[0.015134405344724655,-0.9848079681396484,-0.17298749089241028,0.0],[0.0858316570520401,0.17364820837974548,-0.9810606241226196,0.0],[0.9961962699890137,2.2351741790771484e-08,0.08715590089559555,-0.5],[0.0,0.0,0.0,1.0]],"object_id":"mesh"}{"360":{"bb":{"h":-366,"w":-335,"x":585,"y":599}},"object_id":"mesh"}{"Orientation":[[-0.043577924370765686,-0.8660255670547485,0.49809759855270386,0.0],[0.07547907531261444,-0.5000003576278687,-0.8627301454544067,0.0],[0.9961962103843689,3.3527612686157227e-08,0.08715588599443436,-0.5],[0.0,0.0,0.0,1.0]],"object_id":"mesh"}{"370":{"bb":{"h":-413,"w":-403,"x":595,"y":612}},"object_id":"mesh"}{"Orientation":[[-0.07547914981842041,-0.49999988079071045,0.8627303242683411,0.0],[0.043577831238508224,-0.8660259246826172,-0.4980972409248352,0.0],[0.9961962103843689,4.0978193283081055e-08,0.08715586364269257,-0.5],[0.0,0.0,0.0,1.0]],"object_id":"mesh"}{"380":{"bb":{"h":-403,"w":-413,"x":594,"y":605}},"object_id":"mesh"}{"Orientation":[[-0.08583170920610428,-0.1736477017402649,0.9810606241226196,0.0],[0.015134361572563648,-0.9848082661628723,-0.1729869246482849,0.0],[0.9961961507797241,3.5390257835388184e-08,0.08715584874153137,-0.5],[0.0,0.0,0.0,1.0]],"object_id":"mesh"}{"390":{"bb":{"h":-335,"w":-366,"x":583,"y":585}},"object_id":"mesh"}{"Orientation":[[-0.0871557965874672,8.195638656616211e-07,0.9961950182914734,0.0],[-1.0395888239145279e-07,-1.0000004768371582,8.344650268554688e-07,0.0],[0.9961961507797241,3.166496753692627e-08,0.08715584129095078,-0.5],[0.0,0.0,0.0,1.0]],"object_id":"mesh"}{"400":{"bb":{"h":-286,"w":-326,"x":574,"y":571}},"object_id":"mesh"}{"Orientation":[[-0.0871557965874672,6.4471828409296e-07,0.9961950182914734,0.0],[-8.872008550042665e-08,-1.0000004768371582,6.602847406611545e-07,0.0],[0.9961961507797241,3.166497108963995e-08,0.08715584129095078,-0.5],[0.0,0.0,0.0,1.0]],"object_id":"mesh"}{"410":{"bb":{"h":-286,"w":-326,"x":574,"y":571}},"object_id":"mesh"}{"Orientation":[[0.1736481934785843,0.0,-0.9848078489303589,7.450580596923828e-09],[0.0,1.0,0.0,0.0],[0.9848077297210693,0.0,0.1736481785774231,-0.4999999701976776],[0.0,0.0,0.0,1.0]],"object_id":"mesh"}{"100":{"bb":{"h":-288,"w":-362,"x":598,"y":572}},"object_id":"mesh"}{"Orientation":[[0.1710100769996643,0.1736481785774231,-0.9698463678359985,7.450580596923828e-09],[-0.03015368990600109,0.9848077297210693,0.1710100620985031,0.0],[0.9848077297210693,1.862645149230957e-09,0.1736481785774231,-0.4999999701976776],[0.0,0.0,0.0,1.0]],"object_id":"mesh"}{"110":{"bb":{"h":-334,"w":-402,"x":608,"y":580}},"object_id":"mesh"}{"Orientation":[[0.15038374066352844,0.4999999701976776,-0.8528685569763184,7.450580596923828e-09],[-0.08682408183813095,0.8660253286361694,0.4924038052558899,0.0],[0.9848077893257141,0.0,0.1736481785774231,-0.4999999701976776],[0.0,0.0,0.0,1.0]],"object_id":"mesh"}{"120":{"bb":{"h":-406,"w":-444,"x":620,"y":593}},"object_id":"mesh"}{"Orientation":[[0.08682409673929214,0.8660253286361694,-0.49240386486053467,7.450580596923828e-09],[-0.15038374066352844,0.4999999701976776,0.8528684377670288,0.0],[0.9848077893257141,7.450580596923828e-09,0.1736481785774231,-0.4999999701976776],[0.0,0.0,0.0,1.0]],"object_id":"mesh"}{"130":{"bb":{"h":-444,"w":-406,"x":610,"y":601}},"object_id":"mesh"}{"Orientation":[[-0.03015366941690445,0.9848077297210693,0.17100998759269714,7.450580596923828e-09],[-0.1710100769996643,-0.17364811897277832,0.9698461294174194,0.0],[0.9848077893257141,1.4901161193847656e-08,0.1736481785774231,-0.4999999701976776],[0.0,0.0,0.0,1.0]],"object_id":"mesh"}{"140":{"bb":{"h":-402,"w":-334,"x":580,"y":592}},"object_id":"mesh"}{"Orientation":[[-0.15038371086120605,0.5000001192092896,0.8528684377670288,7.450580596923828e-09],[-0.08682411909103394,-0.8660252094268799,0.4924038350582123,0.0],[0.9848077893257141,1.4901161193847656e-08,0.1736481934785843,-0.4999999701976776],[0.0,0.0,0.0,1.0]],"object_id":"mesh"}{"150":{"bb":{"h":-406,"w":-444,"x":601,"y":593}},"object_id":"mesh"}{"Orientation":[[-0.15038374066352844,-0.4999999403953552,0.8528685569763184,7.450580596923828e-09],[0.08682402968406677,-0.8660252690315247,-0.4924037456512451,0.0],[0.9848077893257141,0.0,0.1736481934785843,-0.4999999701976776],[0.0,0.0,0.0,1.0]],"object_id":"mesh"}{"160":{"bb":{"h":-406,"w":-444,"x":601,"y":610}},"object_id":"mesh"}{"Orientation":[[0.030153684318065643,-0.9848077297210693,-0.17100998759269714,7.450580596923828e-09],[0.17100998759269714,0.17364802956581116,-0.9698460698127747,0.0],[0.9848077297210693,0.0,0.1736481785774231,-0.4999999701976776],[0.0,0.0,0.0,1.0]],"object_id":"mesh"}{"170":{"bb":{"h":-402,"w":-334,"x":586,"y":608}},"object_id":"mesh"}{"Orientation":[[0.1736481785774231,-1.341104507446289e-07,-0.9848076701164246,7.450580596923828e-09],[-2.9802322387695313e-08,0.9999997019767761,-1.6391277313232422e-07,0.0],[0.9848076701164246,0.0,0.1736481636762619,-0.4999999701976776],[0.0,0.0,0.0,1.0]],"object_id":"mesh"}{"180":{"bb":{"h":-288,"w":-362,"x":598,"y":572}},"object_id":"mesh"}{"Orientation":[[4.470348358154297e-08,0.9999998807907104,-8.940696716308594e-08,7.450580596923828e-09],[-0.1736481934785843,1.125360711284884e-07,0.9848074316978455,0.0],[0.984807550907135,1.4901161193847656e-08,0.17364813387393951,-0.4999999701976776],[0.0,0.0,0.0,1.0]],"object_id":"mesh"}{"190":{"bb":{"h":-362,"w":-288,"x":572,"y":583}},"object_id":"mesh"}{"Orientation":[[-0.17101001739501953,-0.17364807426929474,0.9698461294174194,7.450580596923828e-09],[0.030153602361679077,-0.9848074316978455,-0.17100994288921356,0.0],[0.9848074913024902,1.4901161193847656e-08,0.1736481785774231,-0.4999999701976776],[0.0,0.0,0.0,1.0]],"object_id":"mesh"}{"200":{"bb":{"h":-334,"w":-402,"x":592,"y":586}},"object_id":"mesh"}{"Orientation":[[0.08682408928871155,-0.8660252094268799,-0.49240368604660034,7.450580596923828e-09],[0.1503836214542389,0.4999997317790985,-0.8528682589530945,0.0],[0.9848074913024902,-2.9802322387695313e-08,0.17364813387393951,-0.4999999701976776],[0.0,0.0,0.0,1.0]],"object_id":"mesh"}{"210":{"bb":{"h":-444,"w":-406,"x":610,"y":620}},"object_id":"mesh"}{"Orientation":[[0.08682408928871155,0.8660252094268799,-0.4924037456512451,7.450580596923828e-09],[-0.15038375556468964,0.4999998211860657,0.8528681993484497,0.0],[0.9848073720932007,1.4901161193847656e-08,0.17364810407161713,-0.4999999701976776],[0.0,0.0,0.0,1.0]],"object_id":"mesh"}{"220":{"bb":{"h":-444,"w":-406,"x":610,"y":601}},"object_id":"mesh"}{"Orientation":[[-0.17101000249385834,-0.1736481785774231,0.9698460698127747,7.450580596923828e-09],[0.030153602361679077,-0.9848073720932007,-0.17101004719734192,0.0],[0.9848074316978455,-1.4901161193847656e-08,0.17364811897277832,-0.4999999701976776],[0.0,0.0,0.0,1.0]],"object_id":"mesh"}{"230":{"bb":{"h":-334,"w":-402,"x":592,"y":586}},"object_id":"mesh"}{"Orientation":[[0.15038371086120605,-0.49999988079071045,-0.8528683185577393,7.450580596923828e-09],[0.086823970079422,0.8660250902175903,-0.49240368604660034,0.0],[0.9848073124885559,1.4901161193847656e-08,0.17364808917045593,-0.4999999701976776],[0.0,0.0,0.0,1.0]],"object_id":"mesh"}{"240":{"bb":{"h":-406,"w":-444,"x":620,"y":610}},"object_id":"mesh"}{"Orientation":[[-0.08682405948638916,0.8660252094268799,0.49240368604660034,7.450580596923828e-09],[-0.15038377046585083,-0.4999997615814209,0.8528681993484497,0.0],[0.9848073124885559,-7.450580596923828e-09,0.17364811897277832,-0.4999999701976776],[0.0,0.0,0.0,1.0]],"object_id":"mesh"}{"250":{"bb":{"h":-444,"w":-406,"x":593,"y":601}},"object_id":"mesh"}{"Orientation":[[0.03015364706516266,-0.9848074913024902,-0.17100989818572998,7.450580596923828e-09],[0.17100992798805237,0.17364799976348877,-0.9698459506034851,0.0],[0.9848072528839111,3.725290298461914e-09,0.17364808917045593,-0.4999999701976776],[0.0,0.0,0.0,1.0]],"object_id":"mesh"}{"260":{"bb":{"h":-402,"w":-334,"x":586,"y":608}},"object_id":"mesh"}{"Orientation":[[2.60770320892334e-08,0.9999997019767761,-2.384185791015625e-07,7.450580596923828e-09],[-0.1736481934785843,2.086162567138672e-07,0.9848073720932007,0.0],[0.9848071336746216,-1.862645149230957e-09,0.17364807426929474,-0.4999999701976776],[0.0,0.0,0.0,1.0]],"object_id":"mesh"}{"270":{"bb":{"h":-362,"w":-288,"x":572,"y":583}},"object_id":"mesh"}{"Orientation":[[-4.185876179008119e-08,-0.9999997019767761,1.4686445126699255e-07,7.450580596923828e-09],[0.17364802956581116,-1.2119352277295548e-07,-0.9848074316978455,0.0],[0.984807014465332,1.862645149230957e-09,0.17364804446697235,-0.4999999701976776],[0.0,0.0,0.0,1.0]],"object_id":"mesh"}{"280":{"bb":{"h":-362,"w":-288,"x":572,"y":598}},"object_id":"mesh"}{"Orientation":[[-0.030153676867485046,0.9848074316978455,0.17100991308689117,7.450580596923828e-09],[-0.1710101068019867,-0.17364804446697235,0.9698459506034851,0.0],[0.9848068952560425,-3.725290298461914e-09,0.17364802956581116,-0.4999999701976776],[0.0,0.0,0.0,1.0]],"object_id":"mesh"}{"290":{"bb":{"h":-402,"w":-334,"x":580,"y":592}},"object_id":"mesh"}{"Orientation":[[0.08682402968406677,-0.8660251498222351,-0.49240362644195557,7.450580596923828e-09],[0.1503835916519165,0.4999997615814209,-0.8528682589530945,0.0],[0.9848068356513977,0.0,0.17364801466464996,-0.4999999701976776],[0.0,0.0,0.0,1.0]],"object_id":"mesh"}{"300":{"bb":{"h":-444,"w":-406,"x":610,"y":620}},"object_id":"mesh"}{"Orientation":[[-0.15038368105888367,0.49999988079071045,0.8528681397438049,7.450580596923828e-09],[-0.08682416379451752,-0.8660249710083008,0.49240371584892273,0.0],[0.9848068356513977,0.0,0.17364802956581116,-0.4999999701976776],[0.0,0.0,0.0,1.0]],"object_id":"mesh"}{"310":{"bb":{"h":-406,"w":-444,"x":601,"y":593}},"object_id":"mesh"}{"Orientation":[[0.17101001739501953,0.173647940158844,-0.9698459506034851,7.450580596923828e-09],[-0.030153751373291016,0.9848073720932007,0.1710098385810852,0.0],[0.9848067760467529,7.450580596923828e-09,0.17364796996116638,-0.4999999701976776],[0.0,0.0,0.0,1.0]],"object_id":"mesh"}{"320":{"bb":{"h":-334,"w":-402,"x":608,"y":580}},"object_id":"mesh"}{"Orientation":[[-0.08682404458522797,-0.8660250306129456,0.4924037456512451,7.450580596923828e-09],[0.1503835916519165,-0.49999985098838806,-0.8528681397438049,0.0],[0.9848067164421082,-4.470348358154297e-08,0.17364799976348877,-0.4999999701976776],[0.0,0.0,0.0,1.0]],"object_id":"mesh"}{"330":{"bb":{"h":-444,"w":-406,"x":593,"y":620}},"object_id":"mesh"}{"Orientation":[[-0.08682404458522797,0.8660250306129456,0.49240368604660034,7.450580596923828e-09],[-0.15038374066352844,-0.4999998211860657,0.8528680801391602,0.0],[0.9848065972328186,1.4901161193847656e-08,0.17364801466464996,-0.4999999701976776],[0.0,0.0,0.0,1.0]],"object_id":"mesh"}{"340":{"bb":{"h":-444,"w":-406,"x":593,"y":601}},"object_id":"mesh"}{"Orientation":[[0.17101001739501953,0.17364820837974548,-0.9698458313941956,7.450580596923828e-09],[-0.030153781175613403,0.9848072528839111,0.1710101068019867,0.0],[0.9848065376281738,2.9802322387695313e-08,0.173647940158844,-0.4999999701976776],[0.0,0.0,0.0,1.0]],"object_id":"mesh"}{"350":{"bb":{"h":-334,"w":-402,"x":608,"y":580}},"object_id":"mesh"}{"Orientation":[[2.9802322387695313e-08,-0.9999995231628418,-1.4901161193847656e-07,7.450580596923828e-09],[0.17364801466464996,1.7881393432617188e-07,-0.9848072528839111,0.0],[0.984806478023529,-1.4901161193847656e-08,0.1736479252576828,-0.4999999701976776],[0.0,0.0,0.0,1.0]],"object_id":"mesh"}{"360":{"bb":{"h":-362,"w":-288,"x":572,"y":598}},"object_id":"mesh"}{"Orientation":[[-0.17364808917045593,-1.638477868937116e-07,0.9848072528839111,7.450580596923828e-09],[-4.470348358154297e-08,-0.9999994039535522,-2.0302832126617432e-07,-0.0],[0.9848064184188843,-2.9802322387695313e-08,0.17364796996116638,-0.4999999701976776],[0.0,0.0,0.0,1.0]],"object_id":"mesh"}{"370":{"bb":{"h":-288,"w":-362,"x":583,"y":572}},"object_id":"mesh"}{"Orientation":[[-0.03015369176864624,0.9848071932792664,0.1710101217031479,7.450580596923828e-09],[-0.17101003229618073,-0.17364822328090668,0.9698455929756165,0.0],[0.9848064184188843,2.9802322387695313e-08,0.17364796996116638,-0.4999999701976776],[0.0,0.0,0.0,1.0]],"object_id":"mesh"}{"380":{"bb":{"h":-402,"w":-334,"x":580,"y":592}},"object_id":"mesh"}{"Orientation":[[0.15038363635540009,0.4999998211860657,-0.8528679609298706,7.450580596923828e-09],[-0.08682411909103394,0.8660246729850769,0.4924035668373108,0.0],[0.9848062992095947,2.9802322387695313e-08,0.1736479103565216,-0.4999999701976776],[0.0,0.0,0.0,1.0]],"object_id":"mesh"}{"390":{"bb":{"h":-406,"w":-444,"x":620,"y":593}},"object_id":"mesh"}{"Orientation":[[0.15038365125656128,-0.49999964237213135,-0.8528680205345154,7.450580596923828e-09],[0.08682394027709961,0.8660247325897217,-0.49240344762802124,0.0],[0.98480623960495,0.0,0.1736478954553604,-0.4999999701976776],[0.0,0.0,0.0,1.0]],"object_id":"mesh"}{"400":{"bb":{"h":-406,"w":-444,"x":620,"y":610}},"object_id":"mesh"}{"Orientation":[[0.030153654515743256,-0.9848071336746216,-0.17100989818572998,7.450580596923828e-09],[0.1710098683834076,0.17364796996116638,-0.9698455333709717,0.0],[0.98480623960495,-1.4901161193847656e-08,0.1736478954553604,-0.4999999701976776],[0.0,0.0,0.0,1.0]],"object_id":"mesh"}{"410":{"bb":{"h":-402,"w":-334,"x":586,"y":608}},"object_id":"mesh"}{"Orientation":[[-0.08682407438755035,-0.8660247325897217,0.4924037456512451,7.450580596923828e-09],[0.15038353204727173,-0.4999998211860657,-0.8528677225112915,0.0],[0.98480623960495,-2.2351741790771484e-08,0.1736479103565216,-0.4999999701976776],[0.0,0.0,0.0,1.0]],"object_id":"mesh"}{"420":{"bb":{"h":-444,"w":-406,"x":593,"y":620}},"object_id":"mesh"}{"Orientation":[[-0.15038368105888367,-0.4999993145465851,0.8528681993484497,7.450580596923828e-09],[0.08682389557361603,-0.8660249710083008,-0.4924030900001526,0.0],[0.98480623960495,-2.2351741790771484e-08,0.1736479103565216,-0.4999999701976776],[0.0,0.0,0.0,1.0]],"object_id":"mesh"}{"430":{"bb":{"h":-406,"w":-444,"x":601,"y":610}},"object_id":"mesh"}{"Orientation":[[-0.17101000249385834,-0.1736474335193634,0.9698458313941956,7.450580596923828e-09],[0.03015349805355072,-0.9848071336746216,-0.17100924253463745,0.0],[0.9848062992095947,-2.2351741790771484e-08,0.1736479252576828,-0.4999999701976776],[0.0,0.0,0.0,1.0]],"object_id":"mesh"}{"440":{"bb":{"h":-334,"w":-402,"x":592,"y":586}},"object_id":"mesh"}{"Orientation":[[-0.17364807426929474,9.08970832824707e-07,0.9848071932792664,7.450580596923828e-09],[-2.1784217096865177e-07,-0.9999992847442627,9.685754776000977e-07,0.0],[0.9848062992095947,-2.2351741790771484e-08,0.1736479252576828,-0.4999999701976776],[0.0,0.0,0.0,1.0]],"object_id":"mesh"}{"450":{"bb":{"h":-288,"w":-362,"x":583,"y":572}},"object_id":"mesh"}{"Orientation":[[-0.17364807426929474,7.341253649428836e-07,0.9848071932792664,7.450580596923828e-09],[-1.8748058039363968e-07,-0.9999992847442627,7.963863595250587e-07,0.0],[0.9848062992095947,-2.2351741790771484e-08,0.1736479252576828,-0.4999999701976776],[0.0,0.0,0.0,1.0]],"object_id":"mesh"}{"460":{"bb":{"h":-288,"w":-362,"x":583,"y":572}},"object_id":"mesh"}{"Orientation":[[0.2588190734386444,0.0,-0.965925931930542,0.0],[0.0,1.0000001192092896,0.0,0.0],[0.9659258127212524,0.0,0.258819043636322,-0.4999999701976776],[0.0,0.0,0.0,1.0]],"object_id":"mesh"}{"150":{"bb":{"h":-289,"w":-396,"x":606,"y":572}},"object_id":"mesh"}{"Orientation":[[0.25488701462745667,0.1736481934785843,-0.9512513279914856,0.0],[-0.04494345933198929,0.9848078489303589,0.16773127019405365,0.0],[0.9659258127212524,0.0,0.258819043636322,-0.4999999701976776],[0.0,0.0,0.0,1.0]],"object_id":"mesh"}{"160":{"bb":{"h":-332,"w":-435,"x":617,"y":578}},"object_id":"mesh"}{"Orientation":[[0.2241438925266266,0.5,-0.8365163803100586,0.0],[-0.1294095367193222,0.8660255074501038,0.4829629063606262,0.0],[0.9659258127212524,0.0,0.258819043636322,-0.4999999701976776],[0.0,0.0,0.0,1.0]],"object_id":"mesh"}{"170":{"bb":{"h":-423,"w":-473,"x":627,"y":597}},"object_id":"mesh"}{"Orientation":[[0.1294095516204834,0.866025447845459,-0.482962965965271,0.0],[-0.2241438925266266,0.5000000596046448,0.8365163803100586,0.0],[0.9659258127212524,0.0,0.258819043636322,-0.4999999701976776],[0.0,0.0,0.0,1.0]],"object_id":"mesh"}{"180":{"bb":{"h":-473,"w":-423,"x":613,"y":609}},"object_id":"mesh"}{"Orientation":[[-0.0449434369802475,0.9848078489303589,0.16773122549057007,0.0],[-0.25488701462745667,-0.1736481487751007,0.9512512683868408,0.0],[0.9659257531166077,0.0,0.258819043636322,-0.4999999701976776],[0.0,0.0,0.0,1.0]],"object_id":"mesh"}{"190":{"bb":{"h":-435,"w":-332,"x":578,"y":600}},"object_id":"mesh"}{"Orientation":[[-0.2241438627243042,0.5000001192092896,0.8365163207054138,0.0],[-0.1294095516204834,-0.8660253882408142,0.4829629957675934,0.0],[0.9659256935119629,0.0,0.258819043636322,-0.4999999701976776],[0.0,0.0,0.0,1.0]],"object_id":"mesh"}{"200":{"bb":{"h":-423,"w":-473,"x":609,"y":597}},"object_id":"mesh"}{"Orientation":[[-0.2241438627243042,-0.5,0.8365163803100586,0.0],[0.12940950691699982,-0.866025447845459,-0.4829629361629486,0.0],[0.9659256339073181,-1.4901161193847656e-08,0.258819043636322,-0.4999999701976776],[0.0,0.0,0.0,1.0]],"object_id":"mesh"}{"210":{"bb":{"h":-423,"w":-473,"x":609,"y":613}},"object_id":"mesh"}{"Orientation":[[0.044943466782569885,-0.9848078489303589,-0.16773122549057007,0.0],[0.2548869848251343,0.1736481487751007,-0.9512512683868408,0.0],[0.9659256339073181,-4.470348358154297e-08,0.25881901383399963,-0.4999999701976776],[0.0,0.0,0.0,1.0]],"object_id":"mesh"}{"220":{"bb":{"h":-435,"w":-332,"x":587,"y":617}},"object_id":"mesh"}{"Orientation":[[0.2588190734386444,-1.043081283569336e-07,-0.9659258723258972,0.0],[1.4901161193847656e-08,1.0,-8.940696716308594e-08,0.0],[0.9659255743026733,-4.470348358154297e-08,0.25881895422935486,-0.4999999701976776],[0.0,0.0,0.0,1.0]],"object_id":"mesh"}{"230":{"bb":{"h":-289,"w":-396,"x":606,"y":572}},"object_id":"mesh"}{"Orientation":[[1.4901161193847656e-08,1.0,-5.960464477539063e-08,0.0],[-0.2588190734386444,4.650581786336261e-08,0.9659258127212524,0.0],[0.9659254550933838,2.9802322387695313e-08,0.25881892442703247,-0.4999999701976776],[0.0,0.0,0.0,1.0]],"object_id":"mesh"}{"240":{"bb":{"h":-396,"w":-289,"x":572,"y":591}},"object_id":"mesh"}{"Orientation":[[-0.25488701462745667,-0.17364813387393951,0.951251208782196,0.0],[0.044943422079086304,-0.9848077297210693,-0.16773124039173126,0.0],[0.9659254550933838,1.4901161193847656e-08,0.25881898403167725,-0.4999999701976776],[0.0,0.0,0.0,1.0]],"object_id":"mesh"}{"250":{"bb":{"h":-332,"w":-435,"x":600,"y":587}},"object_id":"mesh"}{"Orientation":[[0.12940950691699982,-0.8660253882408142,-0.48296284675598145,0.0],[0.2241438329219818,0.4999999403953552,-0.8365163207054138,0.0],[0.9659254550933838,-2.9802322387695313e-08,0.25881895422935486,-0.4999999701976776],[0.0,0.0,0.0,1.0]],"object_id":"mesh"}{"260":{"bb":{"h":-473,"w":-423,"x":613,"y":627}},"object_id":"mesh"}{"Orientation":[[0.129409521818161,0.8660253286361694,-0.4829629063606262,0.0],[-0.2241438925266266,0.4999999403953552,0.836516261100769,0.0],[0.9659254550933838,1.4901161193847656e-08,0.2588188946247101,-0.4999999701976776],[0.0,0.0,0.0,1.0]],"object_id":"mesh"}{"270":{"bb":{"h":-473,"w":-423,"x":613,"y":609}},"object_id":"mesh"}{"Orientation":[[-0.2548869848251343,-0.17364820837974548,0.9512511491775513,0.0],[0.044943422079086304,-0.9848076701164246,-0.16773131489753723,0.0],[0.9659255146980286,2.9802322387695313e-08,0.25881898403167725,-0.4999999701976776],[0.0,0.0,0.0,1.0]],"object_id":"mesh"}{"280":{"bb":{"h":-332,"w":-435,"x":600,"y":587}},"object_id":"mesh"}{"Orientation":[[0.2241438776254654,-0.4999999701976776,-0.836516261100769,0.0],[0.12940946221351624,0.8660253882408142,-0.48296287655830383,0.0],[0.9659254550933838,-4.470348358154297e-08,0.25881892442703247,-0.4999999701976776],[0.0,0.0,0.0,1.0]],"object_id":"mesh"}{"290":{"bb":{"h":-423,"w":-473,"x":627,"y":613}},"object_id":"mesh"}{"Orientation":[[-0.12940949201583862,0.8660253882408142,0.48296284675598145,0.0],[-0.22414392232894897,-0.5,0.836516261100769,0.0],[0.9659254550933838,4.470348358154297e-08,0.25881892442703247,-0.4999999701976776],[0.0,0.0,0.0,1.0]],"object_id":"mesh"}{"300":{"bb":{"h":-473,"w":-423,"x":597,"y":609}},"object_id":"mesh"}{"Orientation":[[0.0449434369802475,-0.9848077297210693,-0.16773110628128052,0.0],[0.2548869550228119,0.17364811897277832,-0.9512512683868408,0.0],[0.9659254550933838,-3.725290298461914e-08,0.25881892442703247,-0.4999999701976776],[0.0,0.0,0.0,1.0]],"object_id":"mesh"}{"310":{"bb":{"h":-435,"w":-332,"x":587,"y":617}},"object_id":"mesh"}{"Orientation":[[9.685754776000977e-08,0.9999999403953552,-2.5331974029541016e-07,0.0],[-0.2588191032409668,1.9371509552001953e-07,0.9659257531166077,0.0],[0.9659253358840942,4.0978193283081055e-08,0.25881895422935486,-0.4999999701976776],[0.0,0.0,0.0,1.0]],"object_id":"mesh"}{"320":{"bb":{"h":-396,"w":-289,"x":572,"y":591}},"object_id":"mesh"}{"Orientation":[[-2.0152100432824227e-08,-0.9999999403953552,1.8336618268222082e-07,0.0],[0.25881898403167725,-1.0629231894654367e-07,-0.9659257531166077,0.0],[0.9659252