{"Orientation":[[0.6427876353263855,-1.4901162970204496e-08,-0.766044557094574,1.4901161193847656e-08],[-0.2620026469230652,0.9396926760673523,-0.21984632313251495,0.0],[0.7198463082313538,0.3420201241970062,0.604022741317749,-0.4999999403953552],[0.0,0.0,0.0,1.0]],"object_id":"mesh"}{"2400":{"bb":{"h":-428,"w":-523,"x":635,"y":597}},"object_id":"mesh"}{"Orientation":[[0.5875259637832642,0.16317591071128845,-0.7925825119018555,1.4901161193847656e-08],[-0.36964112520217896,0.9254165887832642,-0.08348412811756134,0.0],[0.719846248626709,0.3420201241970062,0.604022741317749,-0.4999999403953552],[0.0,0.0,0.0,1.0]],"object_id":"mesh"}{"2410":{"bb":{"h":-435,"w":-538,"x":641,"y":599}},"object_id":"mesh"}{"Orientation":[[0.4256691038608551,0.46984630823135376,-0.773337185382843,1.4901161193847656e-08],[-0.548294723033905,0.8137977123260498,0.19262972474098206,0.0],[0.719846248626709,0.34202009439468384,0.604022741317749,-0.4999999403953552],[0.0,0.0,0.0,1.0]],"object_id":"mesh"}{"2420":{"bb":{"h":-516,"w":-538,"x":641,"y":627}},"object_id":"mesh"}{"Orientation":[[0.09449289739131927,0.8137977123260498,-0.5734147429466248,1.4901161193847656e-08],[-0.6876717209815979,0.46984636783599854,0.5534907579421997,0.0],[0.7198463082313538,0.34202009439468384,0.604022741317749,-0.4999999403953552],[0.0,0.0,0.0,1.0]],"object_id":"mesh"}{"2430":{"bb":{"h":-594,"w":-418,"x":609,"y":646}},"object_id":"mesh"}{"Orientation":[[-0.3696410655975342,0.9254165887832642,-0.08348411321640015,1.4901161193847656e-08],[-0.5875259637832642,-0.1631758213043213,0.7925823926925659,0.0],[0.719846248626709,0.3420201241970062,0.6040226817131042,-0.4999999403953552],[0.0,0.0,0.0,1.0]],"object_id":"mesh"}{"2440":{"bb":{"h":-538,"w":-435,"x":599,"y":627}},"object_id":"mesh"}{"Orientation":[[-0.6876716017723083,0.4698463976383209,0.5534908175468445,1.4901161193847656e-08],[-0.09449294209480286,-0.8137975931167603,0.5734147429466248,0.0],[0.719846248626709,0.3420201539993286,0.6040226817131042,-0.4999999403953552],[0.0,0.0,0.0,1.0]],"object_id":"mesh"}{"2450":{"bb":{"h":-418,"w":-594,"x":646,"y":599}},"object_id":"mesh"}{"Orientation":[[-0.4256690442562103,-0.469846248626709,0.7733371257781982,1.4901161193847656e-08],[0.5482946634292603,-0.8137977123260498,-0.19262966513633728,0.0],[0.7198461294174194,0.34202006459236145,0.6040226817131042,-0.4999999403953552],[0.0,0.0,0.0,1.0]],"object_id":"mesh"}{"2460":{"bb":{"h":-516,"w":-538,"x":627,"y":631}},"object_id":"mesh"}{"Orientation":[[0.36964112520217896,-0.9254165887832642,0.08348417282104492,1.4901161193847656e-08],[0.5875259637832642,0.1631757915019989,-0.7925823926925659,0.0],[0.7198461294174194,0.3420199155807495,0.6040226221084595,-0.4999999403953552],[0.0,0.0,0.0,1.0]],"object_id":"mesh"}{"2470":{"bb":{"h":-538,"w":-435,"x":618,"y":641}},"object_id":"mesh"}{"Orientation":[[0.6427876353263855,-8.568167686462402e-08,-0.7660443782806396,1.4901161193847656e-08],[-0.26200252771377563,0.939692497253418,-0.2198464274406433,0.0],[0.7198461294174194,0.3420198857784271,0.6040225028991699,-0.4999999403953552],[0.0,0.0,0.0,1.0]],"object_id":"mesh"}{"2480":{"bb":{"h":-428,"w":-523,"x":635,"y":597}},"object_id":"mesh"}{"Orientation":[[-0.26200252771377563,0.9396926164627075,-0.21984630823135376,1.4901161193847656e-08],[-0.6427875757217407,8.940696716308594e-08,0.7660442590713501,0.0],[0.7198460102081299,0.34202003479003906,0.6040223240852356,-0.4999999403953552],[0.0,0.0,0.0,1.0]],"object_id":"mesh"}{"2490":{"bb":{"h":-523,"w":-428,"x":597,"y":626}},"object_id":"mesh"}{"Orientation":[[-0.5875258445739746,-0.1631758213043213,0.7925824522972107,1.4901161193847656e-08],[0.36964088678359985,-0.9254164695739746,0.08348410576581955,0.0],[0.7198458909988403,0.34202006459236145,0.6040225028991699,-0.4999999403953552],[0.0,0.0,0.0,1.0]],"object_id":"mesh"}{"2500":{"bb":{"h":-435,"w":-538,"x":627,"y":618}},"object_id":"mesh"}{"Orientation":[[0.548294723033905,-0.8137977123260498,-0.1926296353340149,1.4901161193847656e-08],[0.42566895484924316,0.46984609961509705,-0.7733370661735535,0.0],[0.7198458909988403,0.34201985597610474,0.6040225028991699,-0.4999999403953552],[0.0,0.0,0.0,1.0]],"object_id":"mesh"}{"2510":{"bb":{"h":-538,"w":-516,"x":631,"y":641}},"object_id":"mesh"}{"Orientation":[[0.09449291229248047,0.813797652721405,-0.5734146237373352,1.4901161193847656e-08],[-0.6876716613769531,0.4698461890220642,0.5534905791282654,0.0],[0.7198459506034851,0.34201985597610474,0.6040222644805908,-0.4999999403953552],[0.0,0.0,0.0,1.0]],"object_id":"mesh"}{"2520":{"bb":{"h":-594,"w":-418,"x":609,"y":646}},"object_id":"mesh"}{"Orientation":[[-0.5875258445739746,-0.16317588090896606,0.7925825119018555,1.4901161193847656e-08],[0.36964091658592224,-0.9254164695739746,0.08348401635885239,0.0],[0.719845712184906,0.34202006459236145,0.6040223836898804,-0.4999999403953552],[0.0,0.0,0.0,1.0]],"object_id":"mesh"}{"2530":{"bb":{"h":-435,"w":-538,"x":627,"y":618}},"object_id":"mesh"}{"Orientation":[[0.6876717805862427,-0.46984627842903137,-0.5534907579421997,1.4901161193847656e-08],[0.09449275583028793,0.8137974739074707,-0.5734146237373352,0.0],[0.7198457717895508,0.342019647359848,0.6040222644805908,-0.4999999403953552],[0.0,0.0,0.0,1.0]],"object_id":"mesh"}{"2540":{"bb":{"h":-418,"w":-594,"x":650,"y":609}},"object_id":"mesh"}{"Orientation":[[-0.5482946634292603,0.8137978315353394,0.19262975454330444,1.4901161193847656e-08],[-0.4256690740585327,-0.469846248626709,0.7733368277549744,0.0],[0.719845712184906,0.34202003479003906,0.6040220856666565,-0.4999999403953552],[0.0,0.0,0.0,1.0]],"object_id":"mesh"}{"2550":{"bb":{"h":-538,"w":-516,"x":627,"y":627}},"object_id":"mesh"}{"Orientation":[[0.36964115500450134,-0.9254167079925537,0.08348434418439865,1.4901161193847656e-08],[0.5875257253646851,0.16317573189735413,-0.7925823330879211,0.0],[0.7198455929756165,0.34201961755752563,0.6040223240852356,-0.4999999403953552],[0.0,0.0,0.0,1.0]],"object_id":"mesh"}{"2560":{"bb":{"h":-538,"w":-435,"x":618,"y":641}},"object_id":"mesh"}{"Orientation":[[-0.2620024085044861,0.9396927952766418,-0.2198464572429657,1.4901161193847656e-08],[-0.6427875757217407,1.7881393432617188e-07,0.7660441398620605,0.0],[0.7198455333709717,0.3420199751853943,0.6040219068527222,-0.4999999403953552],[0.0,0.0,0.0,1.0]],"object_id":"mesh"}{"2570":{"bb":{"h":-523,"w":-428,"x":597,"y":626}},"object_id":"mesh"}{"Orientation":[[0.2620026469230652,-0.9396927356719971,0.21984651684761047,1.4901161193847656e-08],[0.6427873373031616,-2.086162567138672e-07,-0.7660443782806396,0.0],[0.7198454141616821,0.3420194387435913,0.604022204875946,-0.4999999403953552],[0.0,0.0,0.0,1.0]],"object_id":"mesh"}{"2580":{"bb":{"h":-523,"w":-428,"x":616,"y":635}},"object_id":"mesh"}{"Orientation":[[-0.3696410059928894,0.9254168272018433,-0.08348412811756134,1.4901161193847656e-08],[-0.5875259637832642,-0.16317588090896606,0.792582094669342,0.0],[0.7198452949523926,0.3420200049877167,0.6040217876434326,-0.4999999403953552],[0.0,0.0,0.0,1.0]],"object_id":"mesh"}{"2590":{"bb":{"h":-538,"w":-435,"x":599,"y":627}},"object_id":"mesh"}{"Orientation":[[0.5482949018478394,-0.8137977719306946,-0.1926296055316925,1.4901161193847656e-08],[0.4256688356399536,0.46984606981277466,-0.7733370065689087,0.0],[0.7198454141616821,0.342019259929657,0.6040219068527222,-0.4999999403953552],[0.0,0.0,0.0,1.0]],"object_id":"mesh"}{"2600":{"bb":{"h":-538,"w":-516,"x":631,"y":641}},"object_id":"mesh"}{"Orientation":[[-0.6876716017723083,0.4698465168476105,0.553490936756134,1.4901161193847656e-08],[-0.0944930911064148,-0.8137974739074707,0.5734144449234009,0.0],[0.7198450565338135,0.3420199155807495,0.6040219664573669,-0.4999999403953552],[0.0,0.0,0.0,1.0]],"object_id":"mesh"}{"2610":{"bb":{"h":-418,"w":-594,"x":646,"y":599}},"object_id":"mesh"}{"Orientation":[[0.5875262022018433,0.1631758213043213,-0.7925823926925659,1.4901161193847656e-08],[-0.36964115500450134,0.9254162311553955,-0.08348437398672104,0.0],[0.7198454737663269,0.3420194983482361,0.6040216088294983,-0.4999999403953552],[0.0,0.0,0.0,1.0]],"object_id":"mesh"}{"2620":{"bb":{"h":-435,"w":-538,"x":641,"y":599}},"object_id":"mesh"}{"Orientation":[[-0.09449276328086853,-0.8137977123260498,0.5734149217605591,1.4901161193847656e-08],[0.6876713037490845,-0.469846248626709,-0.5534908175468445,0.0],[0.7198449969291687,0.34201937913894653,0.6040220260620117,-0.4999999403953552],[0.0,0.0,0.0,1.0]],"object_id":"mesh"}{"2630":{"bb":{"h":-594,"w":-418,"x":599,"y":650}},"object_id":"mesh"}{"Orientation":[[-0.548294723033905,0.8137978315353394,0.19262994825839996,1.4901161193847656e-08],[-0.4256690740585327,-0.46984633803367615,0.77333664894104,0.0],[0.7198449373245239,0.3420199155807495,0.6040216088294983,-0.4999999403953552],[0.0,0.0,0.0,1.0]],"object_id":"mesh"}{"2640":{"bb":{"h":-538,"w":-516,"x":627,"y":627}},"object_id":"mesh"}{"Orientation":[[0.5875260829925537,0.16317613422870636,-0.7925825119018555,1.4901161193847656e-08],[-0.36964136362075806,0.925416111946106,-0.08348413556814194,0.0],[0.719845175743103,0.3420194089412689,0.6040213704109192,-0.4999999403953552],[0.0,0.0,0.0,1.0]],"object_id":"mesh"}{"2650":{"bb":{"h":-435,"w":-538,"x":641,"y":599}},"object_id":"mesh"}{"Orientation":[[0.26200294494628906,-0.9396927952766418,0.21984624862670898,1.4901161193847656e-08],[0.6427870392799377,1.2665987014770508e-07,-0.7660443782806396,0.0],[0.7198449373245239,0.3420191705226898,0.6040216684341431,-0.4999999403953552],[0.0,0.0,0.0,1.0]],"object_id":"mesh"}{"2660":{"bb":{"h":-523,"w":-428,"x":616,"y":635}},"object_id":"mesh"}{"Orientation":[[-0.6427875757217407,-1.7881393432617188e-07,0.7660447359085083,1.4901161193847656e-08],[0.26200246810913086,-0.9396923184394836,0.21984583139419556,0.0],[0.7198446393013,0.3420194983482361,0.6040216684341431,-0.4999999403953552],[0.0,0.0,0.0,1.0]],"object_id":"mesh"}{"2670":{"bb":{"h":-428,"w":-523,"x":626,"y":616}},"object_id":"mesh"}{"Orientation":[[-0.3696412146091461,0.9254167079925537,-0.08348387479782104,1.4901161193847656e-08],[-0.5875257253646851,-0.16317614912986755,0.7925819158554077,0.0],[0.7198447585105896,0.3420196771621704,0.6040213108062744,-0.4999999403953552],[0.0,0.0,0.0,1.0]],"object_id":"mesh"}{"2680":{"bb":{"h":-538,"w":-435,"x":599,"y":627}},"object_id":"mesh"}{"Orientation":[[0.4256690740585327,0.46984657645225525,-0.7733371257781982,1.4901161193847656e-08],[-0.5482946634292603,0.813797116279602,0.19262969493865967,0.0],[0.7198449373245239,0.3420194089412689,0.6040211915969849,-0.4999999403953552],[0.0,0.0,0.0,1.0]],"object_id":"mesh"}{"2690":{"bb":{"h":-516,"w":-538,"x":641,"y":627}},"object_id":"mesh"}{"Orientation":[[0.6876718401908875,-0.46984627842903137,-0.5534908771514893,1.4901161193847656e-08],[0.094492606818676,0.8137971758842468,-0.5734144449234009,0.0],[0.7198449373245239,0.34201914072036743,0.6040213704109192,-0.4999999403953552],[0.0,0.0,0.0,1.0]],"object_id":"mesh"}{"2700":{"bb":{"h":-418,"w":-594,"x":650,"y":609}},"object_id":"mesh"}{"Orientation":[[0.36964115500450134,-0.9254166483879089,0.08348417282104492,1.4901161193847656e-08],[0.5875254273414612,0.16317573189735413,-0.7925820350646973,0.0],[0.7198447585105896,0.34201908111572266,0.6040216088294983,-0.4999999403953552],[0.0,0.0,0.0,1.0]],"object_id":"mesh"}{"2710":{"bb":{"h":-538,"w":-435,"x":618,"y":641}},"object_id":"mesh"}{"Orientation":[[-0.09449299424886703,-0.8137975931167603,0.5734148621559143,1.4901161193847656e-08],[0.6876711249351501,-0.4698462188243866,-0.553490400314331,0.0],[0.7198445796966553,0.3420192003250122,0.6040216684341431,-0.4999999403953552],[0.0,0.0,0.0,1.0]],"object_id":"mesh"}{"2720":{"bb":{"h":-594,"w":-418,"x":599,"y":650}},"object_id":"mesh"}{"Orientation":[[-0.42566928267478943,-0.4698460102081299,0.7733372449874878,1.4901161193847656e-08],[0.5482941269874573,-0.8137974143028259,-0.19262945652008057,0.0],[0.7198444604873657,0.34201937913894653,0.6040216684341431,-0.4999999403953552],[0.0,0.0,0.0,1.0]],"object_id":"mesh"}{"2730":{"bb":{"h":-516,"w":-538,"x":627,"y":631}},"object_id":"mesh"}{"Orientation":[[-0.5875262022018433,-0.16317535936832428,0.7925824522972107,1.4901161193847656e-08],[0.3696404695510864,-0.9254162311553955,0.08348444104194641,0.0],[0.7198444604873657,0.3420194983482361,0.6040216088294983,-0.4999999403953552],[0.0,0.0,0.0,1.0]],"object_id":"mesh"}{"2740":{"bb":{"h":-435,"w":-538,"x":627,"y":618}},"object_id":"mesh"}{"Orientation":[[-0.6427878737449646,8.195638656616211e-07,0.7660443782806396,1.4901161193847656e-08],[0.2620018422603607,-0.9396921396255493,0.2198467254638672,0.0],[0.7198444604873657,0.34201955795288086,0.6040215492248535,-0.4999999403953552],[0.0,0.0,0.0,1.0]],"object_id":"mesh"}{"2750":{"bb":{"h":-428,"w":-523,"x":626,"y":616}},"object_id":"mesh"}{"Orientation":[[-0.6427878141403198,6.552627951350587e-07,0.7660444378852844,1.4901161193847656e-08],[0.2620019316673279,-0.9396921396255493,0.21984659135341644,0.0],[0.7198444604873657,0.34201955795288086,0.6040215492248535,-0.4999999403953552],[0.0,0.0,0.0,1.0]],"object_id":"mesh"}{"2760":{"bb":{"h":-428,"w":-523,"x":626,"y":616}},"object_id":"mesh"}{"Orientation":[[0.7071068286895752,0.0,-0.7071068286895752,0.0],[-0.2418447881937027,0.9396927356719971,-0.2418447881937027,0.0],[0.6644630432128906,0.3420201539993286,0.6644630432128906,-0.4999999701976776],[0.0,0.0,0.0,1.0]],"object_id":"mesh"}{"2450":{"bb":{"h":-425,"w":-535,"x":637,"y":597}},"object_id":"mesh"}{"Orientation":[[0.6543683409690857,0.16317594051361084,-0.7383601665496826,0.0],[-0.360958456993103,0.9254167079925537,-0.11538279801607132,0.0],[0.6644630432128906,0.3420201539993286,0.6644630432128906,-0.4999999701976776],[0.0,0.0,0.0,1.0]],"object_id":"mesh"}{"2460":{"bb":{"h":-440,"w":-553,"x":644,"y":600}},"object_id":"mesh"}{"Orientation":[[0.49145007133483887,0.46984630823135376,-0.7332948446273804,0.0],[-0.5629971623420715,0.8137977719306946,0.14410969614982605,0.0],[0.6644630432128906,0.3420201539993286,0.6644631028175354,-0.4999999701976776],[0.0,0.0,0.0,1.0]],"object_id":"mesh"}{"2470":{"bb":{"h":-509,"w":-556,"x":645,"y":626}},"object_id":"mesh"}{"Orientation":[[0.14410968124866486,0.8137977123260498,-0.5629971027374268,0.0],[-0.7332948446273804,0.46984633803367615,0.49145013093948364,0.0],[0.6644630432128906,0.3420201241970062,0.6644631624221802,-0.4999999701976776],[0.0,0.0,0.0,1.0]],"object_id":"mesh"}{"2480":{"bb":{"h":-597,"w":-437,"x":613,"y":648}},"object_id":"mesh"}{"Orientation":[[-0.36095839738845825,0.9254165887832642,-0.11538279056549072,0.0],[-0.6543683409690857,-0.16317592561244965,0.7383602261543274,0.0],[0.6644631624221802,0.34202009439468384,0.6644631624221802,-0.4999999701976776],[0.0,0.0,0.0,1.0]],"object_id":"mesh"}{"2490":{"bb":{"h":-553,"w":-440,"x":600,"y":632}},"object_id":"mesh"}{"Orientation":[[-0.7332949042320251,0.46984636783599854,0.49145007133483887,0.0],[-0.14410963654518127,-0.8137977719306946,0.5629972219467163,0.0],[0.664463222026825,0.3420201241970062,0.6644630432128906,-0.4999999701976776],[0.0,0.0,0.0,1.0]],"object_id":"mesh"}{"2500":{"bb":{"h":-437,"w":-597,"x":648,"y":604}},"object_id":"mesh"}{"Orientation":[[-0.49145013093948364,-0.4698464274406433,0.7332948446273804,0.0],[0.5629972219467163,-0.8137977123260498,-0.14410972595214844,0.0],[0.6644631624221802,0.3420202434062958,0.6644629836082458,-0.4999999701976776],[0.0,0.0,0.0,1.0]],"object_id":"mesh"}{"2510":{"bb":{"h":-509,"w":-556,"x":633,"y":628}},"object_id":"mesh"}{"Orientation":[[0.360958456993103,-0.9254167079925537,0.11538273096084595,0.0],[0.6543684005737305,0.163176029920578,-0.7383602261543274,0.0],[0.6644630432128906,0.34202030301094055,0.6644631028175354,-0.4999999701976776],[0.0,0.0,0.0,1.0]],"object_id":"mesh"}{"2520":{"bb":{"h":-553,"w":-440,"x":619,"y":644}},"object_id":"mesh"}{"Orientation":[[0.70710688829422,-1.862645149230957e-08,-0.70710688829422,0.0],[-0.2418447732925415,0.9396927952766418,-0.24184472858905792,0.0],[0.6644629836082458,0.3420201539993286,0.664463222026825,-0.4999999701976776],[0.0,0.0,0.0,1.0]],"object_id":"mesh"}{"2530":{"bb":{"h":-425,"w":-535,"x":637,"y":597}},"object_id":"mesh"}{"Orientation":[[-0.24184483289718628,0.9396927952766418,-0.2418448030948639,0.0],[-0.7071068286895752,-4.470348358154297e-08,0.7071069478988647,0.0],[0.6644631624221802,0.3420200049877167,0.6644631624221802,-0.4999999701976776],[0.0,0.0,0.0,1.0]],"object_id":"mesh"}{"2540":{"bb":{"h":-535,"w":-425,"x":597,"y":630}},"object_id":"mesh"}{"Orientation":[[-0.6543684601783752,-0.16317597031593323,0.7383602261543274,0.0],[0.3609585762023926,-0.9254167079925537,0.11538279056549072,0.0],[0.6644633412361145,0.3420202136039734,0.6644630432128906,-0.4999999701976776],[0.0,0.0,0.0,1.0]],"object_id":"mesh"}{"2550":{"bb":{"h":-440,"w":-553,"x":632,"y":619}},"object_id":"mesh"}{"Orientation":[[0.5629971623420715,-0.8137978315353394,-0.14410974085330963,0.0],[0.49145016074180603,0.4698464572429657,-0.7332948446273804,0.0],[0.6644631028175354,0.3420204520225525,0.664463222026825,-0.4999999701976776],[0.0,0.0,0.0,1.0]],"object_id":"mesh"}{"2560":{"bb":{"h":-556,"w":-509,"x":628,"y":645}},"object_id":"mesh"}{"Orientation":[[0.14410962164402008,0.8137978911399841,-0.5629972219467163,0.0],[-0.7332949042320251,0.46984630823135376,0.4914502799510956,0.0],[0.664463222026825,0.34202009439468384,0.6644634008407593,-0.4999999701976776],[0.0,0.0,0.0,1.0]],"object_id":"mesh"}{"2570":{"bb":{"h":-597,"w":-437,"x":613,"y":648}},"object_id":"mesh"}{"Orientation":[[-0.6543685793876648,-0.1631760597229004,0.7383602857589722,0.0],[0.36095863580703735,-0.9254167079925537,0.11538273096084595,0.0],[0.6644635200500488,0.34202033281326294,0.6644631624221802,-0.4999999701976776],[0.0,0.0,0.0,1.0]],"object_id":"mesh"}{"2580":{"bb":{"h":-440,"w":-553,"x":632,"y":619}},"object_id":"mesh"}{"Orientation":[[0.7332949638366699,-0.4698464274406433,-0.49145030975341797,0.0],[0.14410963654518127,0.8137979507446289,-0.5629971027374268,0.0],[0.6644631624221802,0.3420204222202301,0.664463460445404,-0.4999999701976776],[0.0,0.0,0.0,1.0]],"object_id":"mesh"}{"2590":{"bb":{"h":-437,"w":-597,"x":650,"y":613}},"object_id":"mesh"}{"Orientation":[[-0.5629973411560059,0.8137978315353394,0.14410969614982605,0.0],[-0.49145007133483887,-0.4698464870452881,0.7332950234413147,0.0],[0.6644636988639832,0.342020183801651,0.6644635200500488,-0.4999999701976776],[0.0,0.0,0.0,1.0]],"object_id":"mesh"}{"2600":{"bb":{"h":-556,"w":-509,"x":626,"y":633}},"object_id":"mesh"}{"Orientation":[[0.360958456993103,-0.925416886806488,0.11538278311491013,0.0],[0.65436851978302,0.1631760150194168,-0.7383603453636169,0.0],[0.6644635200500488,0.3420206904411316,0.6644635200500488,-0.4999999701976776],[0.0,0.0,0.0,1.0]],"object_id":"mesh"}{"2610":{"bb":{"h":-553,"w":-440,"x":619,"y":644}},"object_id":"mesh"}{"Orientation":[[-0.2418447732925415,0.9396928548812866,-0.24184498190879822,0.0],[-0.7071069478988647,7.450580596923828e-08,0.7071070075035095,0.0],[0.6644637584686279,0.34202027320861816,0.6644638776779175,-0.4999999701976776],[0.0,0.0,0.0,1.0]],"object_id":"mesh"}{"2620":{"bb":{"h":-535,"w":-425,"x":597,"y":630}},"object_id":"mesh"}{"Orientation":[[0.2418447583913803,-0.9396929144859314,0.24184483289718628,0.0],[0.7071070075035095,5.960464477539063e-08,-0.7071069478988647,0.0],[0.6644637584686279,0.34202080965042114,0.6644636988639832,-0.4999999701976776],[0.0,0.0,0.0,1.0]],"object_id":"mesh"}{"2630":{"bb":{"h":-535,"w":-425,"x":615,"y":637}},"object_id":"mesh"}{"Orientation":[[-0.3609585464000702,0.9254167675971985,-0.11538288742303848,0.0],[-0.6543684601783752,-0.1631760150194168,0.7383603453636169,0.0],[0.664463996887207,0.3420203626155853,0.664463996887207,-0.4999999701976776],[0.0,0.0,0.0,1.0]],"object_id":"mesh"}{"2640":{"bb":{"h":-553,"w":-440,"x":600,"y":632}},"object_id":"mesh"}{"Orientation":[[0.5629971623420715,-0.8137978911399841,-0.1441097855567932,0.0],[0.49145013093948364,0.4698464870452881,-0.7332950234413147,0.0],[0.6644637584686279,0.34202080965042114,0.664463996887207,-0.4999999701976776],[0.0,0.0,0.0,1.0]],"object_id":"mesh"}{"2650":{"bb":{"h":-556,"w":-509,"x":628,"y":645}},"object_id":"mesh"}{"Orientation":[[-0.7332950830459595,0.46984636783599854,0.49145010113716125,0.0],[-0.14410963654518127,-0.8137978911399841,0.5629972219467163,0.0],[0.6644643545150757,0.34202057123184204,0.664463996887207,-0.4999999701976776],[0.0,0.0,0.0,1.0]],"object_id":"mesh"}{"2660":{"bb":{"h":-437,"w":-597,"x":648,"y":604}},"object_id":"mesh"}{"Orientation":[[0.6543684601783752,0.16317586600780487,-0.7383604049682617,0.0],[-0.3609584867954254,0.9254168272018433,-0.11538279056549072,0.0],[0.6644640564918518,0.3420206904411316,0.6644644737243652,-0.4999999701976776],[0.0,0.0,0.0,1.0]],"object_id":"mesh"}{"2670":{"bb":{"h":-440,"w":-553,"x":644,"y":600}},"object_id":"mesh"}{"Orientation":[[-0.14410971105098724,-0.8137979507446289,0.5629971623420715,0.0],[0.7332950830459595,-0.46984627842903137,-0.4914502501487732,0.0],[0.6644642353057861,0.34202104806900024,0.6644641160964966,-0.4999999701976776],[0.0,0.0,0.0,1.0]],"object_id":"mesh"}{"2680":{"bb":{"h":-597,"w":-437,"x":604,"y":650}},"object_id":"mesh"}{"Orientation":[[-0.5629974007606506,0.8137977719306946,0.1441098153591156,0.0],[-0.4914500117301941,-0.4698466658592224,0.7332950830459595,0.0],[0.66446453332901,0.3420206308364868,0.6644642353057861,-0.4999999701976776],[0.0,0.0,0.0,1.0]],"object_id":"mesh"}{"2690":{"bb":{"h":-556,"w":-509,"x":626,"y":633}},"object_id":"mesh"}{"Orientation":[[0.6543684601783752,0.16317623853683472,-0.7383604645729065,0.0],[-0.3609587848186493,0.9254169464111328,-0.11538252234458923,0.0],[0.6644642353057861,0.3420206904411316,0.66446453332901,-0.4999999701976776],[0.0,0.0,0.0,1.0]],"object_id":"mesh"}{"2700":{"bb":{"h":-440,"w":-553,"x":644,"y":600}},"object_id":"mesh"}{"Orientation":[[0.24184513092041016,-0.9396930932998657,0.2418445646762848,0.0],[0.7071070671081543,4.3958425521850586e-07,-0.7071072459220886,0.0],[0.6644642353057861,0.34202104806900024,0.6644644141197205,-0.4999999701976776],[0.0,0.0,0.0,1.0]],"object_id":"mesh"}{"2710":{"bb":{"h":-535,"w":-425,"x":615,"y":637}},"object_id":"mesh"}{"Orientation":[[-0.7071071267127991,-4.172325134277344e-07,0.7071071863174438,0.0],[0.24184522032737732,-0.9396930932998657,0.24184465408325195,0.0],[0.66446453332901,0.34202101826667786,0.6644642353057861,-0.4999999701976776],[0.0,0.0,0.0,1.0]],"object_id":"mesh"}{"2720":{"bb":{"h":-425,"w":-535,"x":630,"y":615}},"object_id":"mesh"}{"Orientation":[[-0.36095890402793884,0.9254169464111328,-0.11538264155387878,0.0],[-0.6543684601783752,-0.1631762832403183,0.7383606433868408,0.0],[0.6644646525382996,0.342020720243454,0.6644644141197205,-0.4999999701976776],[0.0,0.0,0.0,1.0]],"object_id":"mesh"}{"2730":{"bb":{"h":-553,"w":-440,"x":600,"y":632}},"object_id":"mesh"}{"Orientation":[[0.49145007133483887,0.4698467552661896,-0.733295202255249,0.0],[-0.5629974603652954,0.8137980103492737,0.1441100835800171,0.0],[0.66446453332901,0.3420206904411316,0.6644646525382996,-0.4999999701976776],[0.0,0.0,0.0,1.0]],"object_id":"mesh"}{"2740":{"bb":{"h":-509,"w":-556,"x":645,"y":626}},"object_id":"mesh"}{"Orientation":[[0.7332951426506042,-0.46984636783599854,-0.4914504289627075,0.0],[0.14410969614982605,0.8137982487678528,-0.5629972219467163,0.0],[0.6644644141197205,0.3420208990573883,0.6644647717475891,-0.4999999701976776],[0.0,0.0,0.0,1.0]],"object_id":"mesh"}{"2750":{"bb":{"h":-437,"w":-597,"x":650,"y":613}},"object_id":"mesh"}{"Orientation":[[0.3609585762023926,-0.9254169464111328,0.11538270115852356,0.0],[0.6543687582015991,0.16317611932754517,-0.7383604049682617,0.0],[0.6644644141197205,0.342021107673645,0.6644647121429443,-0.4999999701976776],[0.0,0.0,0.0,1.0]],"object_id":"mesh"}{"2760":{"bb":{"h":-553,"w":-440,"x":619,"y":644}},"object_id":"mesh"}{"Orientation":[[-0.14410987496376038,-0.8137980103492737,0.5629973411560059,0.0],[0.7332952618598938,-0.46984660625457764,-0.49145007133483887,0.0],[0.66446453332901,0.34202122688293457,0.6644645929336548,-0.4999999701976776],[0.0,0.0,0.0,1.0]],"object_id":"mesh"}{"2770":{"bb":{"h":-597,"w":-437,"x":604,"y":650}},"object_id":"mesh"}{"Orientation":[[-0.49145054817199707,-0.46984630823135376,0.7332951426506042,0.0],[0.5629972815513611,-0.813798189163208,-0.14410936832427979,0.0],[0.6644646525382996,0.34202122688293457,0.6644644737243652,-0.4999999701976776],[0.0,0.0,0.0,1.0]],"object_id":"mesh"}{"2780":{"bb":{"h":-509,"w":-556,"x":633,"y":628}},"object_id":"mesh"}{"Orientation":[[-0.6543689370155334,-0.1631755232810974,0.7383604049682617,0.0],[0.3609583079814911,-0.9254170656204224,0.11538341641426086,0.0],[0.6644647121429443,0.3420211672782898,0.6644644141197205,-0.4999999701976776],[0.0,0.0,0.0,1.0]],"object_id":"mesh"}{"2790":{"bb":{"h":-440,"w":-553,"x":632,"y":619}},"object_id":"mesh"}{"Orientation":[[-0.707107424736023,7.301568984985352e-07,0.70710688829422,0.0],[0.24184438586235046,-0.939693033695221,0.24184560775756836,0.0],[0.6644647121429443,0.3420211374759674,0.6644643545150757,-0.4999999701976776],[0.0,0.0,0.0,1.0]],"object_id":"mesh"}{"2800":{"bb":{"h":-425,"w":-535,"x":630,"y":615}},"object_id":"mesh"}{"Orientation":[[-0.7071073651313782,5.65855714285135e-07,0.7071069478988647,0.0],[0.24184450507164001,-0.939693033695221,0.2418454885482788,0.0],[0.6644647121429443,0.3420211374759674,0.6644643545150757,-0.4999999701976776],[0.0,0.0,0.0,1.0]],"object_id":"mesh"}{"2810":{"bb":{"h":-425,"w":-535,"x":630,"y":615}},"object_id":"mesh"}{"Orientation":[[0.7660444378852844,1.4901161193847656e-08,-0.6427876353263855,0.0],[-0.21984632313251495,0.9396926760673523,-0.2620026171207428,-7.450580596923828e-09],[0.6040228009223938,0.3420201241970062,0.7198463082313538,-0.5],[0.0,0.0,0.0,1.0]],"object_id":"mesh"}{"2500":{"bb":{"h":-421,"w":-544,"x":638,"y":596}},"object_id":"mesh"}{"Orientation":[[0.716230571269989,0.16317594051361084,-0.6785184741020203,0.0],[-0.34952858090400696,0.9254166483879089,-0.14640328288078308,-7.450580596923828e-09],[0.6040228009223938,0.3420201241970062,0.719846248626709,-0.5],[0.0,0.0,0.0,1.0]],"object_id":"mesh"}{"2510":{"bb":{"h":-444,"w":-564,"x":645,"y":601}},"object_id":"mesh"}{"Orientation":[[0.5534907579421997,0.46984630823135376,-0.6876716613769531,0.0],[-0.5734147429466248,0.8137977123260498,0.09449294209480286,-7.450580596923828e-09],[0.6040228009223938,0.3420201539993286,0.7198463082313538,-0.5],[0.0,0.0,0.0,1.0]],"object_id":"mesh"}{"2520":{"bb":{"h":-500,"w":-571,"x":647,"y":625}},"object_id":"mesh"}{"Orientation":[[0.19262972474098206,0.813797652721405,-0.5482946634292603,0.0],[-0.7733371257781982,0.46984627842903137,0.4256691634654999,-7.450580596923828e-09],[0.6040228009223938,0.3420201241970062,0.7198463082313538,-0.5],[0.0,0.0,0.0,1.0]],"object_id":"mesh"}{"2530":{"bb":{"h":-597,"w":-455,"x":617,"y":649}},"object_id":"mesh"}{"Orientation":[[-0.3495284914970398,0.9254164695739746,-0.1464032530784607,0.0],[-0.7162306308746338,-0.16317597031593323,0.678518533706665,-7.450580596923828e-09],[0.6040228009223938,0.3420201241970062,0.7198463082313538,-0.5],[0.0,0.0,0.0,1.0]],"object_id":"mesh"}{"2540":{"bb":{"h":-564,"w":-444,"x":601,"y":636}},"object_id":"mesh"}{"Orientation":[[-0.7733369469642639,0.469846248626709,0.4256690442562103,0.0],[-0.19262972474098206,-0.8137978315353394,0.548294723033905,-7.450580596923828e-09],[0.604022741317749,0.3420201241970062,0.7198463082313538,-0.5],[0.0,0.0,0.0,1.0]],"object_id":"mesh"}{"2550":{"bb":{"h":-455,"w":-597,"x":649,"y":610}},"object_id":"mesh"}{"Orientation":[[-0.5534906983375549,-0.46984630823135376,0.6876716613769531,0.0],[0.5734148621559143,-0.8137977719306946,-0.09449303150177002,-7.450580596923828e-09],[0.604022741317749,0.34202006459236145,0.7198463082313538,-0.5],[0.0,0.0,0.0,1.0]],"object_id":"mesh"}{"2560":{"bb":{"h":-500,"w":-571,"x":638,"y":624}},"object_id":"mesh"}{"Orientation":[[0.34952855110168457,-0.9254165887832642,0.14640328288078308,0.0],[0.7162306904792786,0.16317607462406158,-0.6785186529159546,-7.450580596923828e-09],[0.6040228605270386,0.34202003479003906,0.7198463082313538,-0.5],[0.0,0.0,0.0,1.0]],"object_id":"mesh"}{"2570":{"bb":{"h":-564,"w":-444,"x":620,"y":645}},"object_id":"mesh"}{"Orientation":[[0.7660444378852844,-3.725290298461914e-08,-0.6427875757217407,0.0],[-0.2198464274406433,0.9396928548812866,-0.2620025873184204,-7.450580596923828e-09],[0.6040229201316833,0.342020183801651,0.719846248626709,-0.5],[0.0,0.0,0.0,1.0]],"object_id":"mesh"}{"2580":{"bb":{"h":-421,"w":-544,"x":638,"y":596}},"object_id":"mesh"}{"Orientation":[[-0.21984624862670898,0.9396926760673523,-0.2620025873184204,0.0],[-0.766044557094574,-1.4901161193847656e-07,0.6427879333496094,-7.450580596923828e-09],[0.604022741317749,0.3420202434062958,0.719846248626709,-0.5],[0.0,0.0,0.0,1.0]],"object_id":"mesh"}{"2590":{"bb":{"h":-544,"w":-421,"x":596,"y":634}},"object_id":"mesh"}{"Orientation":[[-0.7162306308746338,-0.16317588090896606,0.678518533706665,0.0],[0.34952884912490845,-0.9254167675971985,0.1464032679796219,-7.450580596923828e-09],[0.604022741317749,0.34202009439468384,0.7198464274406433,-0.5],[0.0,0.0,0.0,1.0]],"object_id":"mesh"}{"2600":{"bb":{"h":-444,"w":-564,"x":636,"y":620}},"object_id":"mesh"}{"Orientation":[[0.57341468334198,-0.8137977719306946,-0.09449286758899689,0.0],[0.5534908771514893,0.46984660625457764,-0.6876718401908875,-7.450580596923828e-09],[0.6040229797363281,0.34202003479003906,0.7198463678359985,-0.5],[0.0,0.0,0.0,1.0]],"object_id":"mesh"}{"2610":{"bb":{"h":-571,"w":-500,"x":624,"y":647}},"object_id":"mesh"}{"Orientation":[[0.19262975454330444,0.8137977719306946,-0.5482947826385498,0.0],[-0.7733373045921326,0.46984627842903137,0.42566943168640137,-7.450580596923828e-09],[0.6040229201316833,0.34202027320861816,0.7198463082313538,-0.5],[0.0,0.0,0.0,1.0]],"object_id":"mesh"}{"2620":{"bb":{"h":-597,"w":-455,"x":617,"y":649}},"object_id":"mesh"}{"Orientation":[[-0.7162306904792786,-0.16317595541477203,0.6785185933113098,0.0],[0.3495289087295532,-0.9254168272018433,0.1464032232761383,-7.450580596923828e-09],[0.6040228009223938,0.3420202136039734,0.7198465466499329,-0.5],[0.0,0.0,0.0,1.0]],"object_id":"mesh"}{"2630":{"bb":{"h":-444,"w":-564,"x":636,"y":620}},"object_id":"mesh"}{"Orientation":[[0.7733372449874878,-0.46984636783599854,-0.4256691336631775,0.0],[0.19262966513633728,0.8137981295585632,-0.5482948422431946,-7.450580596923828e-09],[0.6040230393409729,0.34202009439468384,0.7198464274406433,-0.5],[0.0,0.0,0.0,1.0]],"object_id":"mesh"}{"2640":{"bb":{"h":-455,"w":-597,"x":648,"y":617}},"object_id":"mesh"}{"Orientation":[[-0.5734147429466248,0.8137978315353394,0.09449291229248047,0.0],[-0.553490936756134,-0.46984660625457764,0.6876720190048218,-7.450580596923828e-09],[0.6040229797363281,0.3420203924179077,0.7198466062545776,-0.5],[0.0,0.0,0.0,1.0]],"object_id":"mesh"}{"2650":{"bb":{"h":-571,"w":-500,"x":625,"y":638}},"object_id":"mesh"}{"Orientation":[[0.34952858090400696,-0.9254167675971985,0.14640343189239502,0.0],[0.7162309288978577,0.1631760150194168,-0.6785187721252441,-7.450580596923828e-09],[0.6040231585502625,0.3420201539993286,0.7198466062545776,-0.5],[0.0,0.0,0.0,1.0]],"object_id":"mesh"}{"2660":{"bb":{"h":-564,"w":-444,"x":620,"y":645}},"object_id":"mesh"}{"Orientation":[[-0.21984614431858063,0.9396928548812866,-0.26200276613235474,0.0],[-0.7660447359085083,1.1920928955078125e-07,0.6427879333496094,-7.450580596923828e-09],[0.6040229797363281,0.3420204222202301,0.7198466062545776,-0.5],[0.0,0.0,0.0,1.0]],"object_id":"mesh"}{"2670":{"bb":{"h":-544,"w":-421,"x":596,"y":634}},"object_id":"mesh"}{"Orientation":[[0.21984630823135376,-0.9396928548812866,0.2620027959346771,0.0],[0.7660447955131531,0.0,-0.6427878737449646,-7.450580596923828e-09],[0.6040230989456177,0.34202009439468384,0.7198466062545776,-0.5],[0.0,0.0,0.0,1.0]],"object_id":"mesh"}{"2680":{"bb":{"h":-544,"w":-421,"x":613,"y":638}},"object_id":"mesh"}{"Orientation":[[-0.34952855110168457,0.9254168272018433,-0.14640334248542786,0.0],[-0.7162308692932129,-0.16317600011825562,0.6785188317298889,-7.450580596923828e-09],[0.6040229797363281,0.3420203924179077,0.7198465466499329,-0.5],[0.0,0.0,0.0,1.0]],"object_id":"mesh"}{"2690":{"bb":{"h":-564,"w":-444,"x":601,"y":636}},"object_id":"mesh"}{"Orientation":[[0.5734148025512695,-0.8137978315353394,-0.0944928228855133,0.0],[0.5534910559654236,0.46984657645225525,-0.6876720190048218,-7.450580596923828e-09],[0.6040232181549072,0.3420201241970062,0.7198466062545776,-0.5],[0.0,0.0,0.0,1.0]],"object_id":"mesh"}{"2700":{"bb":{"h":-571,"w":-500,"x":624,"y":647}},"object_id":"mesh"}{"Orientation":[[-0.7733371257781982,0.4698464870452881,0.42566922307014465,0.0],[-0.19262975454330444,-0.8137980699539185,0.5482949614524841,-7.450580596923828e-09],[0.6040229797363281,0.3420203924179077,0.7198468446731567,-0.5],[0.0,0.0,0.0,1.0]],"object_id":"mesh"}{"2710":{"bb":{"h":-455,"w":-597,"x":649,"y":610}},"object_id":"mesh"}{"Orientation":[[0.7162307500839233,0.1631758213043213,-0.678518533706665,0.0],[-0.3495287001132965,0.9254170656204224,-0.14640337228775024,-7.450580596923828e-09],[0.604023277759552,0.3420203924179077,0.7198466658592224,-0.5],[0.0,0.0,0.0,1.0]],"object_id":"mesh"}{"2720":{"bb":{"h":-444,"w":-564,"x":645,"y":601}},"object_id":"mesh"}{"Orientation":[[-0.19262969493865967,-0.8137978315353394,0.5482947826385498,0.0],[0.7733375430107117,-0.4698464274406433,-0.425669401884079,-7.450580596923828e-09],[0.6040231585502625,0.3420201539993286,0.719846785068512,-0.5],[0.0,0.0,0.0,1.0]],"object_id":"mesh"}{"2730":{"bb":{"h":-597,"w":-455,"x":610,"y":648}},"object_id":"mesh"}{"Orientation":[[-0.5734149217605591,0.8137977123260498,0.09449301660060883,0.0],[-0.5534908771514893,-0.4698467254638672,0.6876720786094666,-7.450580596923828e-09],[0.6040229797363281,0.3420204520225525,0.7198468446731567,-0.5],[0.0,0.0,0.0,1.0]],"object_id":"mesh"}{"2740":{"bb":{"h":-571,"w":-500,"x":625,"y":638}},"object_id":"mesh"}{"Orientation":[[0.716230571269989,0.16317619383335114,-0.6785186529159546,0.0],[-0.349528968334198,0.9254170060157776,-0.14640311896800995,-7.450580596923828e-09],[0.604023277759552,0.3420204520225525,0.7198464870452881,-0.5],[0.0,0.0,0.0,1.0]],"object_id":"mesh"}{"2750":{"bb":{"h":-444,"w":-564,"x":645,"y":601}},"object_id":"mesh"}{"Orientation":[[0.21984656155109406,-0.9396927356719971,0.2620024085044861,0.0],[0.7660447359085083,3.725290298461914e-07,-0.6427881121635437,-7.450580596923828e-09],[0.6040232181549072,0.3420200049877167,0.7198467254638672,-0.5],[0.0,0.0,0.0,1.0]],"object_id":"mesh"}{"2760":{"bb":{"h":-544,"w":-421,"x":613,"y":638}},"object_id":"mesh"}{"Orientation":[[-0.7660444378852844,-3.129243850708008e-07,0.642787754535675,0.0],[0.21984674036502838,-0.9396931529045105,0.26200246810913086,-7.450580596923828e-09],[0.6040229201316833,0.34202033281326294,0.7198469042778015,-0.5],[0.0,0.0,0.0,1.0]],"object_id":"mesh"}{"2770":{"bb":{"h":-421,"w":-544,"x":634,"y":613}},"object_id":"mesh"}{"Orientation":[[-0.34952878952026367,0.9254165887832642,-0.14640313386917114,0.0],[-0.7162309288978577,-0.16317640244960785,0.6785188913345337,-7.450580596923828e-09],[0.6040230989456177,0.34202060103416443,0.7198467254638672,-0.5],[0.0,0.0,0.0,1.0]],"object_id":"mesh"}{"2780":{"bb":{"h":-564,"w":-444,"x":601,"y":636}},"object_id":"mesh"}{"Orientation":[[0.5534906983375549,0.46984654664993286,-0.6876717209815979,0.0],[-0.5734152793884277,0.8137979507446289,0.0944930911064148,-7.450580596923828e-09],[0.6040233373641968,0.34202051162719727,0.7198465466499329,-0.5],[0.0,0.0,0.0,1.0]],"object_id":"mesh"}{"2790":{"bb":{"h":-500,"w":-571,"x":647,"y":625}},"object_id":"mesh"}{"Orientation":[[0.773337185382843,-0.469846248626709,-0.42566922307014465,0.0],[0.1926295906305313,0.813798189163208,-0.5482950210571289,-7.450580596923828e-09],[0.6040233969688416,0.3420202434062958,0.7198466658592224,-0.5],[0.0,0.0,0.0,1.0]],"object_id":"mesh"}{"2800":{"bb":{"h":-455,"w":-597,"x":648,"y":617}},"object_id":"mesh"}{"Orientation":[[0.3495286703109741,-0.9254165887832642,0.14640331268310547,0.0],[0.7162308692932129,0.16317600011825562,-0.6785190105438232,-7.450580596923828e-09],[0.604023277759552,0.3420201539993286,0.719846785068512,-0.5],[0.0,0.0,0.0,1.0]],"object_id":"mesh"}{"2810":{"bb":{"h":-564,"w":-444,"x":620,"y":645}},"object_id":"mesh"}{"Orientation":[[-0.19262975454330444,-0.8137975931167603,0.5482948422431946,0.0],[0.7733374238014221,-0.4698467254638672,-0.4256693720817566,-7.450580596923828e-09],[0.6040232181549072,0.342020183801651,0.7198468446731567,-0.5],[0.0,0.0,0.0,1.0]],"object_id":"mesh"}{"2820":{"bb":{"h":-597,"w":-455,"x":610,"y":648}},"object_id":"mesh"}{"Orientation":[[-0.553490936756134,-0.4698460102081299,0.6876718997955322,0.0],[0.5734148025512695,-0.8137983679771423,-0.0944928526878357,-7.450580596923828e-09],[0.6040231585502625,0.34202027320861816,0.7198469042778015,-0.5],[0.0,0.0,0.0,1.0]],"object_id":"mesh"}{"2830":{"bb":{"h":-500,"w":-571,"x":638,"y":624}},"object_id":"mesh"}{"Orientation":[[-0.7162306904792786,-0.1631753146648407,0.6785186529159546,0.0],[0.34952831268310547,-0.9254173040390015,0.14640365540981293,-7.450580596923828e-09],[0.6040230989456177,0.34202033281326294,0.7198469042778015,-0.5],[0.0,0.0,0.0,1.0]],"object_id":"mesh"}{"2840":{"bb":{"h":-444,"w":-564,"x":636,"y":620}},"object_id":"mesh"}{"Orientation":[[-0.766044557094574,8.642673492431641e-07,0.6427876353263855,0.0],[0.2198457419872284,-0.9396932721138,0.26200318336486816,-7.450580596923828e-09],[0.6040230989456177,0.34202033281326294,0.7198468446731567,-0.5],[0.0,0.0,0.0,1.0]],"object_id":"mesh"}{"2850":{"bb":{"h":-421,"w":-544,"x":634,"y":613}},"object_id":"mesh"}{"Orientation":[[-0.7660444974899292,6.999662218731828e-07,0.6427876949310303,0.0],[0.21984587609767914,-0.9396932721138,0.2620030641555786,-7.450580596923828e-09],[0.6040230989456177,0.34202033281326294,0.7198468446731567,-0.5],[0.0,0.0,0.0,1.0]],"object_id":"mesh"}{"2860":{"bb":{"h":-421,"w":-544,"x":634,"y":613}},"object_id":"mesh"}{"Orientation":[[0.8191520571708679,0.0,-0.5735764503479004,0.0],[-0.19617469608783722,0.9396926164627075,-0.28016647696495056,0.0],[0.538985550403595,0.3420201241970062,0.7697511315345764,-0.4999999701976776],[0.0,0.0,0.0,1.0]],"object_id":"mesh"}{"2550":{"bb":{"h":-415,"w":-549,"x":638,"y":595}},"object_id":"mesh"}{"Orientation":[[0.7726418972015381,0.16317591071128845,-0.6135129332542419,0.0],[-0.33543860912323,0.9254165887832642,-0.17630960047245026,0.0],[0.5389854907989502,0.3420201241970062,0.7697511315345764,-0.4999999701976776],[0.0,0.0,0.0,1.0]],"object_id":"mesh"}{"2560":{"bb":{"h":-445,"w":-571,"x":646,"y":602}},"object_id":"mesh"}{"Orientation":[[0.6113190650939941,0.46984630823135376,-0.636815071105957,0.0],[-0.5794682502746582,0.813797652721405,0.044156938791275024,0.0],[0.5389854907989502,0.3420201241970062,0.7697511911392212,-0.4999999701976776],[0.0,0.0,0.0,1.0]],"object_id":"mesh"}{"2570":{"bb":{"h":-498,"w":-583,"x":649,"y":623}},"object_id":"mesh"}{"Orientation":[[0.23968364298343658,0.813797652721405,-0.5294195413589478,0.0],[-0.8074937462806702,0.46984627842903137,0.3566485345363617,0.0],[0.5389854907989502,0.34202009439468384,0.769751250743866,-0.4999999701976776],[0.0,0.0,0.0,1.0]],"object_id":"mesh"}{"2580":{"bb":{"h":-593,"w":-471,"x":620,"y":650}},"object_id":"mesh"}{"Orientation":[[-0.33543866872787476,0.9254164695739746,-0.17630964517593384,0.0],[-0.7726418375968933,-0.16317588090896606,0.6135128736495972,0.0],[0.538985550403595,0.34202003479003906,0.7697511911392212,-0.4999999701976776],[0.0,0.0,0.0,1.0]],"object_id":"mesh"}{"2590":{"bb":{"h":-571,"w":-445,"x":602,"y":639}},"object_id":"mesh"}{"Orientation":[[-0.8074938654899597,0.4698461890220642,0.3566484749317169,0.0],[-0.23968374729156494,-0.8137975931167603,0.5294195413589478,0.0],[0.5389856100082397,0.34202003479003906,0.7697511911392212,-0.4999999701976776],[0.0,0.0,0.0,1.0]],"object_id":"mesh"}{"2600":{"bb":{"h":-471,"w":-593,"x":650,"y":614}},"object_id":"mesh"}{"Orientation":[[-0.6113190650939941,-0.4698464870452881,0.6368148922920227,0.0],[0.579468309879303,-0.813797652721405,-0.04415687918663025,0.0],[0.538985